NMec = 98513
T = 17
P = 1
Profits not ignored
Solution time = 3.008e-05
Viable job selections = 3021
Best total profit = 20015
Task data
    1 168 15858    -1
    4  11   835     0
   10  16   739    -1
   16  18   458     0
   43  60  2699    -1
   49  54   446     0
   54  75  5146    -1
   60 151 15997     0
   65  77  2945    -1
   75  86  2576    -1
   96 103   974    -1
   99 104   552    -1
  105 110   976    -1
  120 128   827    -1
  125 148  2925    -1
  131 139  1275    -1
  160 169  2279     0
End
