NMec = 98513
T = 18
P = 7
Profits not ignored
Solution time = 2.533e-03
Viable job selections = 145256
Best total profit = 25303
Task data
    0  23  3762     0
    1  12  1640     1
    1  17  1708    -1
    2   4   533     2
    2  10  1645     3
    3  19  2267    -1
    3  25  2641     4
    5  14  1621     2
    6  20  3017     5
    9  17  2268    -1
   10  16   488    -1
   10  19  1449    -1
   10  23  3131     6
   11  28  1982     3
   13  19  1048    -1
   14  28  2904     1
   15  26  2427     2
   15  26  1314    -1
End
