NMec = 98513
T = 18
P = 4
Profits not ignored
Solution time = 1.356e-03
Viable job selections = 120600
Best total profit = 26161
Task data
    0  12  1885     0
    1  10  1305    -1
    1  23  4479     1
    6  25  4178     2
    7  16  1327    -1
    7  19  2995    -1
    7  27  3717     3
    8  12   898    -1
   16  22   778    -1
   16  30  2653     0
   17  37  1591    -1
   22  37  1074    -1
   27  37  2358     1
   29  38  2698     2
   32  41  1959     0
   32  41   801     3
   38  42   906     1
   39  44   527     2
End
