NMec = 98513
T = 18
P = 3
Profits not ignored
Solution time = 3.365e-04
Viable job selections = 34224
Best total profit = 22297
Task data
    0  10  2472     0
    3  15  1383    -1
    5  19  2138    -1
    5  20  3039     1
   10  57  7173     2
   12  13   238    -1
   12  25  1996    -1
   12  37  3540     0
   14  29  1407    -1
   15  32  1745    -1
   17  20   528    -1
   18  31  1239    -1
   24  36  2373     1
   24  42  2270    -1
   26  33  1287    -1
   38  46  1142     0
   43  55  1477     1
   48  53  1081     0
End
