NMec = 98513
T = 18
P = 2
Profits not ignored
Solution time = 3.132e-04
Viable job selections = 34236
Best total profit = 26463
Task data
    0  29  5498     0
    5   8   392    -1
    5  14  1330     1
    6  66  5364    -1
   15  26  1546    -1
   19  60  7960     1
   27  32  1030    -1
   28  38   941    -1
   39  49  2510     0
   41  52  2687    -1
   45  58  2643    -1
   50  74  5658     0
   65  73   760    -1
   68  73   809     1
   72  76   965    -1
   74  84  1671     1
   75  82  1027     0
   77  84   935    -1
End
