NMec = 98513
T = 18
P = 1
Profits not ignored
Solution time = 3.956e-05
Viable job selections = 3201
Best total profit = 22975
Task data
    8  29  4612     0
    9 156 21309    -1
   19  39  2821    -1
   23  43  2171    -1
   39  51  2509     0
   47  56  1073    -1
   63  75  2633     0
   79  89   957     0
   83  96  1433    -1
   93 101  1364     0
  105 110   533     0
  115 140  2985    -1
  116 128  1626    -1
  119 131  2985    -1
  121 171 10367     0
  122 131  1079    -1
  144 153   913    -1
  149 157  2056    -1
End
