NMec = 98513
T = 19
P = 6
Profits not ignored
Solution time = 2.138e-03
Viable job selections = 182580
Best total profit = 23754
Task data
    1  10  1323     0
    1  18  3062     1
    3  10  1669     2
    4  20  2298    -1
    6  18  1825    -1
    6  29  2269    -1
    7  26  2350     3
    8  16   834    -1
    8  28  1409    -1
   11  25  1434    -1
   11  29  3824     0
   12  16  1159     2
   13  28  3197     4
   15  28  1269    -1
   15  30  2384     5
   16  25   771    -1
   18  30  2059     2
   19  30  2190     1
   27  30   537     3
End
