NMec = 98513
T = 19
P = 1
Profits not ignored
Solution time = 4.445e-05
Viable job selections = 2230
Best total profit = 30468
Task data
   16  30  2242     0
   16 187 28664    -1
   19  27  1220    -1
   33  45  1729    -1
   36 159 25341     0
   50 146 13457    -1
   55 183 25581    -1
   57  62  1133    -1
   57  80  3415    -1
   78  98  2019    -1
  105 116  1032    -1
  106 110  1145    -1
  107 117  2053    -1
  143 150   767    -1
  144 163  2026    -1
  147 152   776    -1
  152 162  1030    -1
  164 181  2885     0
  171 182   728    -1
End
