NMec = 98513
T = 19
P = 8
Profits not ignored
Solution time = 5.785e-03
Viable job selections = 346428
Best total profit = 30443
Task data
    0   8  1228     0
    0  20  1729    -1
    1   9  2244     1
    1  20  3086     2
    2  15  1774     3
    3  28  2143     4
    5  28  6333     5
    8  15  1108     6
    8  20  2423     7
    9  26  1832    -1
   11  28  2984     0
   12  20   759    -1
   12  24   947    -1
   13  26  3519     1
   15  20   994    -1
   15  22  1388    -1
   16  25  1462     3
   17  29  2139     6
   19  29  1024    -1
End
