NMec = 98513
T = 19
P = 7
Profits not ignored
Solution time = 4.645e-03
Viable job selections = 275600
Best total profit = 24757
Task data
    1  20  2939     0
    2  13  2125     1
    2  26  4816     2
    3   4   462     3
    3  21  3060     4
    5  11   598    -1
    5  13  1474     3
    6  15   934    -1
    6  17  1415     5
    6  23  1228    -1
    7  12   592    -1
    9  22  1551    -1
    9  24  2159     6
   10  25  2093    -1
   11  17  1033    -1
   12  20  1308    -1
   15  25   712     1
   16  28  3395     3
   20  28  2200     5
End
