NMec = 98513
T = 19
P = 5
Profits not ignored
Solution time = 1.700e-03
Viable job selections = 108120
Best total profit = 21087
Task data
    0  10  1627     0
    0  11  1192     1
    2  21  5223     2
    3   6   693    -1
    3  26  3422     3
    4   8   798     4
    9  22  1418    -1
    9  22  1273    -1
   10  32  2244    -1
   11  22  1308    -1
   13  27  2010    -1
   14  26  1075    -1
   14  36  2679     0
   15  22  1625    -1
   15  37  2919     1
   16  31  2878     4
   16  35  1808    -1
   21  30  2219    -1
   26  30   349     2
End
