NMec = 98513
T = 19
P = 3
Profits not ignored
Solution time = 6.477e-04
Viable job selections = 52404
Best total profit = 21797
Task data
    0   6   891     0
    0  63  7834     1
    1   9   766     2
    1  22  1812    -1
    4   9   433    -1
   11  23  2886     0
   12  42  4181    -1
   13  21   735    -1
   16  25  2559     2
   17  43  3650    -1
   22  35  1561    -1
   23  43  3184    -1
   28  37  1616     0
   31  45  1276    -1
   32  45  2413    -1
   33  45  1332    -1
   37  55  3042     2
   41  49   917     0
   55  59  1286     0
End
