NMec = 98513
T = 19
P = 2
Profits not ignored
Solution time = 8.254e-05
Viable job selections = 5135
Best total profit = 33728
Task data
    1  10  2002     0
    1  93  6413    -1
    3  87  9725    -1
    7  91 16105     1
   14  29  2182    -1
   14  80 15621     0
   19  31  1125    -1
   21  67  6262    -1
   30  53  2054    -1
   34  44  2542    -1
   34  47  2808    -1
   37  52  2258    -1
   37  64  5531    -1
   41  63  1931    -1
   52  63  1324    -1
   64  84  2605    -1
   71  82  1369    -1
   73  84  1461    -1
   78  81   435    -1
End
