NMec = 98513
T = 19
P = 4
Profits not ignored
Solution time = 7.845e-04
Viable job selections = 69884
Best total profit = 20293
Task data
    1   2   227     0
    5  14   912     0
    5  27  1564    -1
    6  15  2330     1
    6  19  1902     2
    9  19  1847    -1
   10  31  1481    -1
   12  25  1784    -1
   12  29  1934    -1
   13  30  4051     3
   15  21  1051    -1
   16  30  2352    -1
   17  35  2322    -1
   18  37  2775     0
   19  32  3060     1
   20  36  1771     2
   27  42  1234    -1
   31  42  2413     3
   43  47   852     0
End
