NMec = 98513
T = 20
P = 8
Profits not ignored
Solution time = 8.312e-03
Viable job selections = 566202
Best total profit = 31554
Task data
    0  12  1375    -1
    0  14  1589     0
    0  24  5734     1
    1  17  1635    -1
    1  19  2481     2
    1  27  2113     3
    2   6   487     4
    2  11  1290     5
    2  23  5510     6
    3  13  1387    -1
    3  21  1836    -1
    5  15  2593     7
    8  14   640    -1
    9  23  1780    -1
   10  20  1535    -1
   10  26  3636     4
   11  27  1852    -1
   12  19  1195     5
   16  25  2565     0
   16  26  2361     7
End
