NMec = 98513
T = 20
P = 2
Profits not ignored
Solution time = 2.506e-04
Viable job selections = 23042
Best total profit = 28705
Task data
    0  10  2420     0
    0  15  1434    -1
    4  21  1599    -1
    4  95 10677     1
    8  20  1399    -1
   13  33  5479     0
   14  36  3357    -1
   28  73  4191    -1
   31  72  6300    -1
   34  43  1146    -1
   37  58  1427    -1
   41  61  2349    -1
   43  64  1823    -1
   43  70  5954     0
   51  70  3324    -1
   52  67  3455    -1
   72  89  2532     0
   75  86  2424    -1
   84  99  2288    -1
   93  99  1643     0
End
