NMec = 98513
T = 20
P = 3
Profits not ignored
Solution time = 1.727e-03
Viable job selections = 170460
Best total profit = 23862
Task data
    3  10  1635     0
    3  12  1390     1
    5  23  2135    -1
    6  10   998    -1
    6  17  1149    -1
    7  19  2677    -1
    8  19  2918    -1
    9  17   955    -1
    9  34  5058     2
   11  26  3385     0
   14  23  2067     1
   26  38  1581     1
   30  39  1270    -1
   32  42  1470     0
   35  40   804     2
   43  63  2297     0
   46  55  1799     1
   53  58   918    -1
   55  64  1185     2
   61  66  1191     1
End
