NMec = 98513
T = 20
P = 1
Profits not ignored
Solution time = 5.313e-05
Viable job selections = 3189
Best total profit = 27150
Task data
    8 190 27150     0
   14 170 18305    -1
   23  29   703    -1
   26  48  2711    -1
   30 152 16840    -1
   43  59  1994    -1
   49  58  1432    -1
   55  60   583    -1
   77  87  1535    -1
   82  88  1372    -1
  117 122   790    -1
  125 141  3831    -1
  127 164  7146    -1
  129 144  2506    -1
  143 158  2762    -1
  145 155   873    -1
  154 174  3266    -1
  176 191  2712    -1
  186 189   480    -1
  186 198  3545    -1
End
