NMec = 98513
T = 20
P = 7
Profits not ignored
Solution time = 1.118e-02
Viable job selections = 823676
Best total profit = 27370
Task data
    0   7  1699     0
    0  13  1396    -1
    1  15  1868     1
    1  18  2541    -1
    2   4   368     2
    3   9   929     3
    3  13  1166    -1
    3  16  2333     4
    3  28  4213     5
    4  28  3197     6
    5   7   579    -1
    6  12  1785     2
    8  16  1244    -1
   12  22  3108     0
   12  26  2508     3
   14  23   831    -1
   14  27  3421     2
   17  26  1085     1
   18  24   811    -1
   18  24   856     4
End
