NMec = 98513
T = 20
P = 6
Profits not ignored
Solution time = 7.704e-03
Viable job selections = 666592
Best total profit = 20551
Task data
    4   9   542     0
    6  16   795    -1
    8  13  1267     1
    9  17   762    -1
    9  21  2905     2
    9  32  3916     3
   10  25  2617     0
   11  15   406    -1
   11  16  1226     4
   12  21  1862     5
   12  27  1690    -1
   15  26  1381     1
   16  29  1250    -1
   17  25  1025    -1
   19  25  1183    -1
   19  33  1198     4
   22  32  1392     2
   24  29  1105     5
   26  29   446     0
   30  33   694     0
End
