NMec = 98513
T = 20
P = 4
Profits not ignored
Solution time = 5.047e-03
Viable job selections = 420650
Best total profit = 23435
Task data
    1   9   677     0
    1   9  1480     1
    3  15  1584     2
    8  13   699     3
    8  31  2183    -1
   11  18   747     0
   12  49  5769     1
   14  38  3165     3
   21  45  3107    -1
   22  33  1759     0
   22  36  1655    -1
   28  29   352     2
   28  32   709    -1
   30  49  3597     2
   32  39  1854    -1
   36  45  1900     0
   39  47   603    -1
   39  48  1330     3
   41  44   782    -1
   47  48   376     0
End
