NMec = 98513
T = 21
P = 5
Profits not ignored
Solution time = 8.611e-03
Viable job selections = 640932
Best total profit = 31568
Task data
    0  23  6481     0
    2   6  1147     1
    3  18  3732     2
    3  20  4838     3
    4  11  1442     4
    4  17  1466    -1
    8  16  1937    -1
    9  22  1329    -1
   10  12   549     1
   11  18  1617    -1
   15  31  2221     1
   15  34  2268     4
   15  35  1890    -1
   16  33  1538    -1
   18  25   604    -1
   21  27  1552     2
   22  30   520    -1
   23  28   831    -1
   23  38  2781     3
   24  35  2904     0
   28  41  1653     2
End
