NMec = 98513
T = 21
P = 8
Profits not ignored
Solution time = 1.583e-02
Viable job selections = 1220564
Best total profit = 32434
Task data
    0   7   753     0
    0  12  1146    -1
    0  27  5103     1
    0  29  3244     2
    1  28  1834    -1
    3  10   681     3
    3  14  2217     4
    4  16  3390     5
    6  14  1245    -1
    7  13  1127    -1
    8  23  2960     0
    8  25  4355     6
    9  18  1370    -1
   10  21  2949     7
   10  25  1429    -1
   11  28  2542     3
   12  20   642    -1
   12  24  1843    -1
   15  25  2462     4
   19  26   838     5
   25  28   940     0
End
