NMec = 98513
T = 21
P = 4
Profits not ignored
Solution time = 5.560e-03
Viable job selections = 449250
Best total profit = 29278
Task data
    5  43  6639     0
    6  13   632     1
    6  17  1392     2
    7  19  2565     3
   10  16   824    -1
   16  26  1913     1
   19  23  1468     2
   19  33  3080    -1
   20  29  1161    -1
   20  39  4374     3
   22  26   518    -1
   24  32  1123    -1
   26  35  2747    -1
   27  39  1261    -1
   28  31   400    -1
   29  48  4878     1
   30  34   521    -1
   30  47  3797    -1
   30  52  3818     2
   41  47  1599     3
   42  43   225    -1
End
