NMec = 98513
T = 21
P = 3
Profits not ignored
Solution time = 1.067e-03
Viable job selections = 104374
Best total profit = 32083
Task data
    0  62  9530     0
    5  35  6934     1
    8  65  9123     2
   20  28  1209    -1
   22  32  2096    -1
   25  45  2762    -1
   28  42  3762    -1
   29  39  1645    -1
   29  54  3196    -1
   33  52  1835    -1
   34  49  2604    -1
   37  46   991    -1
   39  49  2384     1
   42  53  1697    -1
   48  53   795    -1
   48  69  1765    -1
   50  55   812    -1
   52  67  2694     1
   61  62   396    -1
   63  65   688     0
   66  69   730     0
End
