NMec = 98513
T = 21
P = 1
Profits not ignored
Solution time = 1.154e-04
Viable job selections = 8402
Best total profit = 23360
Task data
    3   7   514     0
   27 197 21504    -1
   29  50  4845     0
   34  35   130    -1
   39  53  2067    -1
   40  55  4133    -1
   51  63  1573     0
   72  91  2289    -1
   73  85  2153     0
   74  95  4095    -1
   86 101  2687    -1
   86 110  2831    -1
   90 103  3018     0
  107 128  2539    -1
  124 132  2560     0
  140 165  5339     0
  141 161  4202    -1
  161 185  4283    -1
  177 201  3358     0
  188 194  1285    -1
  194 204  1411    -1
End
