NMec = 98513
T = 21
P = 6
Profits not ignored
Solution time = 5.452e-03
Viable job selections = 350748
Best total profit = 26081
Task data
    0  13  1486     0
    1  12  3009     1
    2  29  6979     2
    3  13  1728     3
    4  14   845    -1
    5  19  2494    -1
    5  22  1468    -1
    6  10   449     4
    7  19  1859    -1
    7  21  2601    -1
    7  24  4356     5
    9  20  1059    -1
    9  22  2564    -1
   11  18  1173    -1
   11  22  2479    -1
   11  24  1897    -1
   11  30  3166     4
   14  24  1578     0
   16  27  1632     1
   17  32  1465     3
   31  33   233     0
End
