NMec = 98513
T = 21
P = 2
Profits not ignored
Solution time = 8.508e-04
Viable job selections = 65342
Best total profit = 37860
Task data
    2   6   588     0
    8  26  3462    -1
    9  25  1945    -1
   10 100 20676     0
   12  25  2260    -1
   14  35  4214    -1
   15  36  5013     1
   19  29  1698    -1
   25  34   996    -1
   31  54  3344    -1
   41  66  2702    -1
   42  83  9445     1
   54  67  2184    -1
   55  57   327    -1
   58  70  3414    -1
   67  75   731    -1
   70  83  3380    -1
   85 104  1843    -1
   95 104  2138     1
   97  99   379    -1
   98 104   471    -1
End
