NMec = 98513
T = 21
P = 7
Profits not ignored
Solution time = 1.008e-02
Viable job selections = 638603
Best total profit = 26224
Task data
    0   9  1892     0
    2  17  2141     1
    3  29  6388     2
    4  11  1664     3
    5  26  2547     4
    5  27  1712    -1
    6  17  2052    -1
    6  25  3003     5
    8  18  1692    -1
    8  27  2510    -1
    8  29  3171     6
    9  15  1705    -1
   10  15   697    -1
   10  19  1681    -1
   10  23  1109    -1
   12  21  1848     0
   12  23  1688    -1
   12  26  2326     3
   14  18   863    -1
   19  23   520     1
   25  28   724     0
End
