NMec = 98513
T = 22
P = 6
Profits not ignored
Solution time = 8.893e-03
Viable job selections = 503192
Best total profit = 24955
Task data
    0   2   302     0
    2  24  3866     1
    3  17  1858     0
    4  10  1427     2
    4  18  1818    -1
    4  29  3827     3
    5  31  3720     4
    6  26  1957    -1
    6  26  3763     5
    8  23  2954    -1
    9  32  2353    -1
   10  32  2455    -1
   11  14   503    -1
   12  21  1469    -1
   12  26  2428    -1
   12  30  3818     2
   14  28  1322    -1
   15  31  1917    -1
   17  32  1051    -1
   18  30  2374     0
   20  30  1529    -1
   21  24   445    -1
End
