NMec = 98513
T = 22
P = 2
Profits not ignored
Solution time = 5.605e-04
Viable job selections = 50105
Best total profit = 36391
Task data
    0 104 19044     0
    1 107 17347     1
    7  17  2007    -1
   11  13   514    -1
   16  36  4314    -1
   18  33  4033    -1
   21  26   795    -1
   24  30   929    -1
   25  41  3710    -1
   29  49  3459    -1
   30  39  1558    -1
   33  57  2281    -1
   67  88  1508    -1
   73  99  2769    -1
   74  83  1099    -1
   78  95  2407    -1
   83  96  2687    -1
   85  97  2755    -1
   88  95  1200    -1
   90  92   655    -1
   95 105  1712    -1
  101 108  1400    -1
End
