NMec = 98513
T = 22
P = 3
Profits not ignored
Solution time = 3.201e-03
Viable job selections = 234881
Best total profit = 26629
Task data
    0  70  5186    -1
    3  67  5508    -1
    6  26  1665    -1
    8  22  2577     0
   10  35  2803     1
   14  30  1834    -1
   16  24  1334    -1
   19  36  2326     2
   21  64  6037    -1
   28  39  2470     0
   31  40   631    -1
   36  56  4722     1
   39  48  1967    -1
   39  55  3772     2
   42  49  1368     0
   45  54  2134    -1
   49  60  1514    -1
   52  73  2329     0
   58  73  3390     1
   59  67   713    -1
   62  70   872     2
   66  73   718    -1
End
