NMec = 98513
T = 22
P = 1
Profits not ignored
Solution time = 1.338e-04
Viable job selections = 12384
Best total profit = 26190
Task data
    2 101 17920    -1
    9  89 16345     0
   10  37  5050    -1
   13  41  5871    -1
   32  43  1256    -1
   46  57  1919    -1
   51  70  2097    -1
   74  87  1339    -1
   80 102  3106    -1
   82  91  2181    -1
   84  92  2204    -1
   95 104  1479    -1
   96  98   522     0
   99 109  1758     0
  133 141  1670    -1
  134 151  2339     0
  156 170  1780     0
  161 178  3179    -1
  169 193  3221    -1
  173 184  2375     0
  176 192  2321    -1
  198 206  1071     0
End
