NMec = 98513
T = 22
P = 4
Profits not ignored
Solution time = 3.628e-03
Viable job selections = 283802
Best total profit = 23593
Task data
    2  53  3945    -1
    3  39  6732     0
    4  19  2781     1
    7  18  2134     2
    7  21  1768    -1
    7  27  3964     3
    8  20  1146    -1
   11  21  1224    -1
   12  28  3240    -1
   15  30  1675    -1
   16  25  2574    -1
   19  30  2511     2
   20  25   462     1
   22  38  1686    -1
   24  35  1305    -1
   24  49  2017    -1
   26  33  1235    -1
   26  41  2096     1
   27  42  1897    -1
   33  46   821     2
   37  45  1040     3
   42  51  1052     0
End
