NMec = 98513
T = 22
P = 7
Profits not ignored
Solution time = 2.474e-02
Viable job selections = 2113345
Best total profit = 24921
Task data
    0   9  2061     0
    1  14  2055     1
    1  26  2136    -1
    2  25  3202     2
    3   6   695    -1
    3  24  2735     3
    4  13  2447     4
    5  28  2710     5
    6  23  2816     6
    6  24  1401    -1
    7  26  1378    -1
    9  25  1484    -1
   10  18   664    -1
   10  27  1373    -1
   11  18   752     0
   16  19   333    -1
   16  26  1171     1
   18  23  1210     4
   19  28  2096     0
   20  24   449    -1
   24  28   949     4
   25  29   717     3
End
