NMec = 98513
T = 22
P = 8
Profits not ignored
Solution time = 1.338e-02
Viable job selections = 958417
Best total profit = 35322
Task data
    0  23  1934    -1
    0  23  3182    -1
    0  23  3477     0
    1  29  8223     1
    2  24  3716     2
    2  25  3829     3
    4  26  3554     4
    5  15  1817     5
    6  17  1071    -1
    6  27  4233     6
    7  25  2328    -1
    8  18  2390    -1
   10  20  2734     7
   10  25  2262    -1
   11  25  2740    -1
   13  29  3421    -1
   14  24  1383    -1
   15  19   387    -1
   15  22  1225    -1
   16  19   281    -1
   17  26  2566     5
   21  28  1173     7
End
