NMec = 98513
T = 23
P = 2
Profits ignored
Solution time = 2.481e-03
Maximum possible tasks = 14
Solutions = 24
Task data
    3  23     1    -1
    5  14     1    -1
    6  15     1     0
   13  14     1     1
   13  53     1    -1
   15 108     1    -1
   21  29     1     0
   25  47     1    -1
   26  34     1     1
   27  48     1    -1
   41  60     1    -1
   42  70     1    -1
   43  53     1     0
   47  57     1     1
   54  67     1    -1
   58  65     1     0
   64  72     1     1
   67  79     1     0
   74  80     1     1
   82  93     1     0
   91  96     1     1
   96 110     1     0
   98 110     1     1
End
