NMec = 98513
T = 23
P = 7
Profits not ignored
Solution time = 2.796e-02
Viable job selections = 2249963
Best total profit = 29875
Task data
    1  15  2419     0
    2  10  1704     1
    2  21  1655    -1
    2  29  3686     2
    2  32  3890     3
    7  27  2420    -1
    7  30  4265     4
    8  16   944    -1
   10  29  3662     5
   11  16   741    -1
   12  23  2571     1
   13  24  2027    -1
   13  28  1956    -1
   13  30  3219    -1
   15  29  3493     6
   16  28  1664    -1
   17  22   524    -1
   17  24  1192    -1
   18  25  1655    -1
   18  31  3496     0
   20  32  1964    -1
   24  28   397    -1
   25  31   689     1
End
