NMec = 98513
T = 23
P = 4
Profits not ignored
Solution time = 9.729e-03
Viable job selections = 641400
Best total profit = 33363
Task data
    1  26  5345     0
    2  41  6114     1
    4  14  1039     2
    6  15   992    -1
    6  22  2152    -1
   10  31  5245     3
   11  26  3034    -1
   14  27  2001    -1
   22  54  5945     2
   26  35  1949    -1
   26  43  1376    -1
   27  35   994    -1
   27  40  1687    -1
   28  32   534    -1
   28  43  1138    -1
   30  50  4136     0
   31  50  2208    -1
   32  48  4574     3
   33  47  2501    -1
   33  56  3312    -1
   36  52  2603    -1
   45  51   965     1
   47  53   692    -1
End
