NMec = 98513
T = 23
P = 2
Profits not ignored
Solution time = 2.934e-03
Viable job selections = 305112
Best total profit = 27439
Task data
    3  23  2270     0
    5  14  1048     1
    6  15  1085    -1
   13  14   246    -1
   13  53  4840    -1
   15 108 10891     1
   21  29  1715    -1
   25  47  3980    -1
   26  34  1557     0
   27  48  3964    -1
   41  60  2504    -1
   42  70  3958    -1
   43  53  2814     0
   47  57   803    -1
   54  67  1377    -1
   58  65   546     0
   64  72  1030    -1
   67  79  2344     0
   74  80   958    -1
   82  93  2133     0
   91  96   885    -1
   96 110  3836     0
   98 110  3176    -1
End
