NMec = 98513
T = 23
P = 1
Profits not ignored
Solution time = 5.799e-04
Viable job selections = 39168
Best total profit = 18703
Task data
   21  30  1780     0
   45  61  2606     0
   62  65   266     0
   67  88  1865     0
  100 109  1708     0
  124 130   408     0
  145 153  1395     0
  146 149   245    -1
  156 166  1833     0
  157 175  1220    -1
  161 178  1753    -1
  167 192  2680     0
  170 188  2104    -1
  179 191  2549    -1
  182 195  2040    -1
  185 209  1901    -1
  198 204   520    -1
  201 224  4162     0
  203 219  2235    -1
  209 217   731    -1
  209 218  1799    -1
  210 224  1952    -1
  214 223  1412    -1
End
