NMec = 98513
T = 23
P = 8
Profits not ignored
Solution time = 4.503e-02
Viable job selections = 4032295
Best total profit = 26117
Task data
    0  12  1786     0
    2  20  2230     1
    4  11  1947     2
    5  19  2496     3
    5  24  1990     4
    6  12   506     5
    6  14   713     6
    8  24  4147     7
    9  25  1803    -1
   10  22  1562    -1
   10  26  1984    -1
   12  21  2243     2
   12  22  1230    -1
   13  15   254     0
   13  27  2168     5
   15  24  1654    -1
   15  24  2321     6
   17  24  2187     0
   18  25   811    -1
   18  26   975    -1
   19  24   389    -1
   19  28  1771    -1
   22  28  1129     1
End
