NMec = 98513
T = 23
P = 5
Profits not ignored
Solution time = 1.098e-02
Viable job selections = 611829
Best total profit = 38275
Task data
    1  36  9579     0
    3  28  6188     1
    4  11  1276     2
    4  18  3935     3
    7  16  2319     4
    9  15   824    -1
   10  33  3425    -1
   11  34  5343    -1
   13  31  1068    -1
   13  31  3445    -1
   14  17   758    -1
   15  26  1608    -1
   15  37  4380     2
   18  32  2903    -1
   19  26  1668     3
   21  39  2694    -1
   21  42  3012    -1
   22  43  4290     4
   23  35  1839    -1
   26  36   902    -1
   28  38  2288     3
   29  45  2352     1
   31  39  1036    -1
End
