NMec = 98513
T = 23
P = 4
Profits ignored
Solution time = 8.873e-03
Maximum possible tasks = 12
Solutions = 252
Task data
    1  26     1    -1
    2  41     1    -1
    4  14     1    -1
    6  15     1     0
    6  22     1     1
   10  31     1    -1
   11  26     1     2
   14  27     1     3
   22  54     1    -1
   26  35     1    -1
   26  43     1    -1
   27  35     1     0
   27  40     1     1
   28  32     1     2
   28  43     1     3
   30  50     1    -1
   31  50     1    -1
   32  48     1    -1
   33  47     1    -1
   33  56     1     2
   36  52     1     0
   45  51     1     1
   47  53     1     3
End
