NMec = 98513
T = 23
P = 3
Profits not ignored
Solution time = 3.361e-03
Viable job selections = 302908
Best total profit = 25131
Task data
    0  20  1453    -1
    1  11  1509     0
    3  24  3279     1
    7  21  1148    -1
   13  22  1003    -1
   13  26  1804     0
   15  35  3641     2
   15  52  3616    -1
   17  23  1215    -1
   17  27  1374    -1
   18  40  3809    -1
   26  36  2602     1
   30  44  1449    -1
   30  49  1592    -1
   31  44  1244    -1
   34  53  4161     0
   35  51  3298    -1
   38  54  3333     1
   40  45   453     2
   42  52  1560    -1
   49  61  1465     2
   56  68  1991     0
   65  74   893     1
End
