NMec = 98513
T = 23
P = 6
Profits not ignored
Solution time = 2.533e-02
Viable job selections = 1915772
Best total profit = 27712
Task data
    3  11  1826     0
    4  12   473     1
    5  13  1607     2
    6  26  3176     3
    7  13   611    -1
    9  29  1738    -1
   10  27  3011     4
   11  21  2274     5
   11  25  1476    -1
   12  23  1309     0
   13  19  1111     1
   13  32  1942    -1
   14  25  1314    -1
   15  35  2309    -1
   16  32  1808    -1
   16  33  4152     2
   19  34  2178    -1
   23  30  1709     1
   23  30  1257    -1
   23  38  3851     5
   24  32  1482     0
   25  31  1057    -1
   27  36  1731     3
End
