NMec = 98513
T = 24
P = 7
Profits not ignored
Solution time = 9.660e-02
Viable job selections = 7621144
Best total profit = 40086
Task data
    0   3   536     0
    0   5   669     1
    0  16  2515     2
    1  18  3496     3
    4   6   261     0
    4  14  2052     4
    5  31  6263     5
    7  31  4000     0
    7  33  6025     1
    8  21  2714     6
   11  14   882    -1
   11  21  2015    -1
   13  24  2686    -1
   13  26  1394    -1
   15  22   477    -1
   16  21   682    -1
   17  23  1713     2
   17  28  2523    -1
   17  30  3714     4
   17  31  1134    -1
   19  30  2116     3
   21  29   727    -1
   23  34  2436     6
   26  33  1576     2
End
