NMec = 98513
T = 24
P = 3
Profits not ignored
Solution time = 1.957e-02
Viable job selections = 1580192
Best total profit = 40886
Task data
    1   7   534     0
    2   3   258     1
    6  76  9837    -1
    7  17  2859     1
    7  22  2414     2
    9  20  1066    -1
    9  32  3892     0
   12  15   487    -1
   21  40  3001     1
   24  49  7073     2
   30  43  1606    -1
   34  38   608    -1
   38  77 10365     0
   40  52  1844    -1
   42  52  1448    -1
   42  66  3445     1
   43  53   874    -1
   52  64  2965     2
   54  69  1485    -1
   57  78  1412    -1
   63  68  1579    -1
   64  74  2062    -1
   65  79  2904     2
   69  76  1176     1
End
