NMec = 98513
T = 24
P = 2
Profits not ignored
Solution time = 4.846e-03
Viable job selections = 495128
Best total profit = 27141
Task data
    1  18  2714     0
    5   7   341     1
   11  20   774    -1
   15  33  2367     1
   18  36  3266    -1
   22  45  2049    -1
   28  35   976    -1
   32 104 11715     0
   34  39   906     1
   41  43   577     1
   59  70  1624     1
   64  74  1026    -1
   66  75  1307    -1
   68  88  3177    -1
   69  79  2175    -1
   73  88  2554    -1
   77 103  4585     1
   79  83   610    -1
   84 104  1347    -1
   93 107  1662    -1
   96 105  1163    -1
   97 105  1717    -1
  104 109  1174     1
  112 116  1138     0
End
