NMec = 98513
T = 24
P = 4
Profits not ignored
Solution time = 1.634e-02
Viable job selections = 1309396
Best total profit = 26992
Task data
    0  19  1821     0
    5  26  2487     1
   10  20  1311    -1
   11  24  2673     2
   12  27  1169    -1
   17  27  1240    -1
   19  35  3397     3
   19  43  3645    -1
   20  29  1178     0
   21  48  2383    -1
   24  35  1763    -1
   25  35  1286    -1
   25  35  2034    -1
   29  38  2197    -1
   30  33   334     0
   31  56  2518    -1
   32  58  4234     1
   33  44  3341     2
   33  45  1002    -1
   34  51  2799     0
   37  45  2237     3
   39  41   247    -1
   45  54  2258     2
   46  48   233     3
End
