NMec = 98513
T = 24
P = 1
Profits not ignored
Solution time = 2.712e-03
Viable job selections = 281600
Best total profit = 22525
Task data
    6  14   922     0
   20  44  2694     0
   34  41  1431    -1
   39  42   288    -1
   50  59  1119     0
   70  80   897    -1
   70  90  2996     0
   75  82   752    -1
   75  96  3344    -1
   91 110  4532     0
   93  95   534    -1
  108 118  2633    -1
  121 129   594     0
  141 152  3046     0
  148 160  2438    -1
  155 162  1467     0
  166 181  1149     0
  180 183   500    -1
  183 193  1139     0
  184 194   774    -1
  201 215  1476     0
  221 225   403    -1
  224 231  1391     0
  231 234   335    -1
End
