NMec = 98513
T = 24
P = 8
Profits not ignored
Solution time = 1.340e-01
Viable job selections = 10665544
Best total profit = 30024
Task data
    0  11  1355     0
    0  13  1822     1
    1   7  1771     2
    1  25  1698    -1
    2   3   527     3
    2  21  2420     4
    3  13  1827     5
    3  18  2522     6
    5   8   477     3
    7  25  2075     7
    8  20  1841    -1
   10  19  1278    -1
   10  23  3295     2
   10  26  3943     3
   11  13   645    -1
   12  24  1261     0
   13  18  1044    -1
   13  18   876    -1
   14  29  2920     1
   17  27   836    -1
   17  27  1250    -1
   18  28  1827     5
   19  28  1480     6
   22  26   502     4
End
