NMec = 98513
T = 24
P = 1
Profits ignored
Solution time = 3.036e-03
Maximum possible tasks = 14
Solutions = 27
Task data
    6  14     1     0
   20  44     1    -1
   34  41     1    -1
   39  42     1     0
   50  59     1     0
   70  80     1    -1
   70  90     1    -1
   75  82     1     0
   75  96     1    -1
   91 110     1    -1
   93  95     1     0
  108 118     1     0
  121 129     1     0
  141 152     1     0
  148 160     1    -1
  155 162     1     0
  166 181     1    -1
  180 183     1     0
  183 193     1    -1
  184 194     1     0
  201 215     1     0
  221 225     1     0
  224 231     1    -1
  231 234     1     0
End
