NMec = 98513
T = 24
P = 5
Profits not ignored
Solution time = 8.128e-03
Viable job selections = 532409
Best total profit = 26672
Task data
    0  34  3614    -1
    0  44  4019     0
    1  36  4542     1
    5  19  3129     2
    7  15  1519     3
    8  16   906    -1
    9  28  2314     4
    9  46  3849    -1
   10  35  1863    -1
   14  29  1474    -1
   15  21   493    -1
   15  31  1674    -1
   15  35  2357    -1
   15  37  2275    -1
   16  32  1528    -1
   18  40  5353     3
   22  34  2556    -1
   24  43  2152    -1
   27  42  2713     2
   28  39   909    -1
   29  36  1095    -1
   29  38  2033     4
   30  39  1072    -1
   38  45  1050     1
End
