NMec = 98513
T = 24
P = 4
Profits ignored
Solution time = 1.395e-02
Maximum possible tasks = 14
Solutions = 147
Task data
    0  19     1     0
    5  26     1    -1
   10  20     1    -1
   11  24     1     1
   12  27     1     2
   17  27     1     3
   19  35     1    -1
   19  43     1    -1
   20  29     1     0
   21  48     1    -1
   24  35     1    -1
   25  35     1    -1
   25  35     1     1
   29  38     1     2
   30  33     1     0
   31  56     1    -1
   32  58     1    -1
   33  44     1    -1
   33  45     1     3
   34  51     1     0
   37  45     1     1
   39  41     1     2
   45  54     1     2
   46  48     1     1
End
