NMec = 98513
T = 24
P = 6
Profits not ignored
Solution time = 4.577e-02
Viable job selections = 3343671
Best total profit = 32449
Task data
    0  24  4273     0
    2  10  1678     1
    2  17  2621     2
    4   8  1036     3
    4  26  4089     4
    6  14  1649    -1
    6  20  1765    -1
    7  30  6186     5
    9  10   236     3
    9  15  1392    -1
   10  26  1700    -1
   11  21   795    -1
   11  37  3967     1
   12  29  3407     3
   13  21   953    -1
   14  29  3131    -1
   14  36  2992    -1
   15  30   957    -1
   17  24  1066    -1
   18  37  3360     2
   21  29  1439    -1
   22  25   734    -1
   23  35  2216    -1
   26  35  1596     0
End
