NMec = 98513
T = 24
P = 5
Profits ignored
Solution time = 7.156e-03
Maximum possible tasks = 11
Solutions = 349
Task data
    0  34     1    -1
    0  44     1    -1
    1  36     1    -1
    5  19     1    -1
    7  15     1     0
    8  16     1     1
    9  28     1     2
    9  46     1    -1
   10  35     1    -1
   14  29     1     3
   15  21     1     4
   15  31     1    -1
   15  35     1    -1
   15  37     1    -1
   16  32     1    -1
   18  40     1    -1
   22  34     1    -1
   24  43     1    -1
   27  42     1     0
   28  39     1     1
   29  36     1     2
   29  38     1     4
   30  39     1     3
   38  45     1     2
End
