NMec = 98513
T = 24
P = 2
Profits ignored
Solution time = 4.977e-03
Maximum possible tasks = 13
Solutions = 266
Task data
    1  18     1    -1
    5   7     1     0
   11  20     1     0
   15  33     1     1
   18  36     1    -1
   22  45     1    -1
   28  35     1     0
   32 104     1    -1
   34  39     1     1
   41  43     1     0
   59  70     1    -1
   64  74     1     0
   66  75     1     1
   68  88     1    -1
   69  79     1    -1
   73  88     1    -1
   77 103     1     0
   79  83     1     1
   84 104     1    -1
   93 107     1    -1
   96 105     1    -1
   97 105     1     1
  104 109     1     0
  112 116     1     0
End
