NMec = 98513
T = 25
P = 4
Profits not ignored
Solution time = 1.618e-02
Viable job selections = 1147334
Best total profit = 33521
Task data
    0   3   739     0
    2  15  1810     1
    2  44  4391    -1
    3   5   516     2
    3   8  1608     3
    5  62  7108     0
    6  61  8185     2
    7  39  5870    -1
    8  23  3094    -1
   10  29  2212    -1
   12  34  2384    -1
   13  21  1685    -1
   15  34  4084     3
   17  39  5128    -1
   20  37  1826    -1
   22  32  1550     1
   23  45  1469    -1
   30  42  1796    -1
   31  33   488    -1
   32  40  1346    -1
   33  46  3725     1
   33  47  1770    -1
   34  47  1862    -1
   35  53  3085     3
   53  60  1111     1
End
