NMec = 98513
T = 25
P = 1
Profits not ignored
Solution time = 1.418e-03
Viable job selections = 103683
Best total profit = 24209
Task data
    8  30  1976    -1
   18  34  4528     0
   39  53  2130     0
   39 236 17168    -1
   43  52  1550    -1
   56  67  1470     0
   82  91  2733     0
   86  95  1506    -1
   90  97  1311    -1
  107 123  2363     0
  138 143  1464     0
  149 154   866     0
  152 155   503    -1
  164 176  1851    -1
  167 177  2855    -1
  170 177  1219    -1
  170 191  4877     0
  176 177   349    -1
  176 201  3109    -1
  187 198  1888    -1
  210 218  1900     0
  211 218   563    -1
  217 240  2761    -1
  221 229  1878     0
  222 227  1541    -1
End
