NMec = 98513
T = 25
P = 7
Profits not ignored
Solution time = 9.265e-02
Viable job selections = 8178523
Best total profit = 32215
Task data
    0   6  1625     0
    0  32  3265     1
    1  25  3915     2
    2  12  1086     3
    2  14  1027    -1
    4  13  1764     4
    4  23  3233    -1
    5  11   733     5
    5  28  3086    -1
    6  14   636    -1
    7  18  3197     0
    7  22  3472     6
    7  26  2314    -1
    9  25  2677    -1
   10  31  2498    -1
   11  31  2142    -1
   13  25  1489    -1
   13  26  3560     3
   13  29  3186     5
   15  23  1500    -1
   16  29  1270    -1
   17  33  2459     4
   21  31  1530     0
   24  35  2155     6
   27  30   268     2
End
