NMec = 98513
T = 25
P = 1
Profits ignored
Solution time = 1.251e-03
Maximum possible tasks = 11
Solutions = 384
Task data
    8  30     1    -1
   18  34     1     0
   39  53     1    -1
   39 236     1    -1
   43  52     1     0
   56  67     1     0
   82  91     1    -1
   86  95     1    -1
   90  97     1     0
  107 123     1     0
  138 143     1     0
  149 154     1    -1
  152 155     1     0
  164 176     1    -1
  167 177     1    -1
  170 177     1    -1
  170 191     1    -1
  176 177     1     0
  176 201     1    -1
  187 198     1     0
  210 218     1    -1
  211 218     1     0
  217 240     1    -1
  221 229     1    -1
  222 227     1     0
End
