NMec = 98513
T = 25
P = 8
Profits not ignored
Solution time = 1.085e-01
Viable job selections = 11201498
Best total profit = 30718
Task data
    0  17  2094    -1
    0  21  3920     0
    0  25  4625     1
    1   9  2312     2
    2  16  1919     3
    2  17  3279     4
    4  10  1641     5
    6   8   546     6
    6  14  1485    -1
    7  20  1084    -1
    8  21  1793    -1
    9  18  2178    -1
    9  20  3146     6
    9  21  1958    -1
    9  26  3646     7
   10  16   892    -1
   10  18  1250    -1
   11  21  1518     2
   11  24  1780     5
   12  19   735    -1
   13  18   357    -1
   16  19   506    -1
   17  28  1429     3
   19  21   521     4
   28  31   436     0
End
