NMec = 98513
T = 25
P = 2
Profits not ignored
Solution time = 5.817e-03
Viable job selections = 343351
Best total profit = 27514
Task data
    1   8  1558     0
    1 124 11514    -1
    2   7  1014    -1
    3  15  1748    -1
    3  18  2324     1
    6   8   475    -1
    9 120 12592     0
   12  21  1228    -1
   13  21  1303    -1
   15  22   727    -1
   15  91  9611    -1
   22  39  1287    -1
   30  49  2331    -1
   33  54  4702     1
   42  56  2391    -1
   50  61  2196    -1
   64  66   823     1
   65  82  1369    -1
   65  89  3027    -1
   74  82  1739    -1
   77  85  2420    -1
   79  88  2226    -1
   82 107  5515     1
  102 119  1940    -1
  106 122  1206    -1
End
