NMec = 98513
T = 25
P = 6
Profits not ignored
Solution time = 6.177e-02
Viable job selections = 5893780
Best total profit = 35999
Task data
    0  18  3954     0
    2  18  1964    -1
    3  23  3877     1
    4  16  2428     2
    4  36  6851     3
    5  15  1847     4
    5  27  2003    -1
    8  16  1343    -1
   11  37  5455     5
   14  27  1586    -1
   14  36  2689    -1
   15  29  1814    -1
   16  24  1187    -1
   16  27  2291     4
   18  34  1508    -1
   19  25   618    -1
   19  36  3100     0
   21  33  1673    -1
   22  24   347    -1
   22  27   511    -1
   22  40  3369     2
   27  39  1287     1
   31  41  1305     4
   32  36   875    -1
   37  39   235     0
End
