NMec = 98513
T = 25
P = 8
Profits ignored
Solution time = 1.009e-01
Maximum possible tasks = 15
Solutions = 10045
Task data
    0  17     1    -1
    0  21     1    -1
    0  25     1    -1
    1   9     1     0
    2  16     1    -1
    2  17     1    -1
    4  10     1     1
    6   8     1     2
    6  14     1     3
    7  20     1    -1
    8  21     1    -1
    9  18     1    -1
    9  20     1    -1
    9  21     1    -1
    9  26     1     2
   10  16     1     0
   10  18     1     4
   11  21     1     1
   11  24     1     5
   12  19     1     6
   13  18     1     7
   16  19     1     3
   17  28     1     0
   19  21     1     4
   28  31     1     1
End
