NMec = 98513
T = 25
P = 7
Profits ignored
Solution time = 6.537e-02
Maximum possible tasks = 16
Solutions = 28
Task data
    0   6     1     0
    0  32     1    -1
    1  25     1    -1
    2  12     1     1
    2  14     1     2
    4  13     1     3
    4  23     1    -1
    5  11     1     4
    5  28     1    -1
    6  14     1     5
    7  18     1     0
    7  22     1    -1
    7  26     1    -1
    9  25     1    -1
   10  31     1    -1
   11  31     1    -1
   13  25     1     1
   13  26     1     4
   13  29     1     6
   15  23     1     2
   16  29     1     3
   17  33     1     5
   21  31     1     0
   24  35     1     2
   27  30     1     1
End
