NMec = 98513
T = 25
P = 5
Profits not ignored
Solution time = 1.247e-01
Viable job selections = 12676182
Best total profit = 33193
Task data
    0  14  2962     0
    0  39  7094     1
    2   7   871    -1
    3  11  1315     2
    3  13  1565     3
    4  29  3269    -1
    5  24  3269    -1
    6  15   994    -1
    6  20  2710     4
    7   9   491    -1
   10  20  1018    -1
   12  19   961    -1
   13  32  3133     2
   17  28  2162     0
   18  32  2483     3
   20  27   701    -1
   21  25   486    -1
   23  39  3300     4
   26  30   374    -1
   31  40  1772     0
   31  42   801    -1
   34  38   723    -1
   34  40  1673     2
   34  45  2568     3
   42  46   456     0
End
