NMec = 98513
T = 25
P = 3
Profits not ignored
Solution time = 1.470e-02
Viable job selections = 1180745
Best total profit = 28975
Task data
    0  82  7981     0
    6  18  2632     1
   14  21   811    -1
   15  21  1788     2
   16  32  1361    -1
   18  23   491    -1
   22  51  4377     1
   25  40  2720     2
   31  34   622    -1
   34  47  1508    -1
   36  51   887    -1
   37  49  2564    -1
   37  52  2490    -1
   38  48  1785    -1
   46  53   664    -1
   46  57  1480    -1
   47  68  5459     2
   48  68  3624    -1
   49  65  2956    -1
   54  67  2949    -1
   57  75  2608    -1
   63  71  2565    -1
   63  74  3024     1
   66  75   935    -1
   72  80   994     2
End
