NMec = 98513
T = 26
P = 4
Profits not ignored
Solution time = 2.179e-02
Viable job selections = 1706320
Best total profit = 33085
Task data
    0   9  2437     0
    3  17  1194    -1
    4  11   692     1
    5  15  2746     2
    5  31  2534    -1
    6  14  1708    -1
    7  17  2017     3
    7  32  4099    -1
    9  27  1446    -1
    9  56  3800    -1
   11  28  4609     0
   12  25  2651    -1
   13  24  3026     1
   18  38  2589    -1
   19  26  1758    -1
   19  39  3489    -1
   22  33  3061     2
   23  37  3571     3
   23  46  1833    -1
   26  36   929    -1
   29  55  4925     0
   30  44  1761    -1
   31  43  3409     1
   32  41  1539    -1
   34  43  1729     2
   38  45   863     3
End
