NMec = 98513
T = 26
P = 6
Profits not ignored
Solution time = 2.698e-02
Viable job selections = 2618894
Best total profit = 36375
Task data
    0   9  1499     0
    0  27  5602     1
    1   5  1104     2
    1  16  1819    -1
    1  33  3254    -1
    2  35  4778     3
    3  16  2240    -1
    3  23  4077     4
    4  14  2219     5
    5  12  1229    -1
    5  15   795    -1
    6  17  1003    -1
    6  24  2036    -1
    7  22  1545    -1
    7  32  4042    -1
    7  42  8596     2
   10  16  1371    -1
   10  27  1806    -1
   11  15  1249    -1
   12  20  1604    -1
   13  39  3008    -1
   14  34  3192    -1
   14  41  3765     0
   15  22  1211     5
   25  40  1725     4
   27  37  1799     5
End
