NMec = 98513
T = 26
P = 3
Profits not ignored
Solution time = 9.065e-03
Viable job selections = 741012
Best total profit = 25145
Task data
    5  65  3583    -1
    9  17  1320     0
   25  47  4791     0
   27  40  2552     1
   29  48  2777     2
   31  40  1141    -1
   34  48  2297    -1
   35  41   884    -1
   37  47  1226    -1
   39  53  1399    -1
   43  52  1288     1
   46  67  3190    -1
   49  61  2014    -1
   50  61  3311     0
   51  72  3661    -1
   52  56  1043     2
   53  69  1561    -1
   54  64  1693     1
   55  64  1070    -1
   56  73   919    -1
   58  66  1807    -1
   58  77  3065     2
   59  81  1865    -1
   63  71  1405     0
   65  78   945     1
   73  78   955     0
End
