NMec = 98513
T = 26
P = 1
Profits not ignored
Solution time = 1.876e-03
Viable job selections = 139703
Best total profit = 50678
Task data
    0   4   820    -1
    3 211 48637     0
    6  12  1091    -1
    8 192 45128    -1
   35  47  1289    -1
   43  62  3171    -1
   57  71  1312    -1
   86  95  2262    -1
   89  95  1189    -1
  102 113  2421    -1
  112 114   313    -1
  118 135  2210    -1
  124 190  5391    -1
  137 141   286    -1
  150 154   519    -1
  153 158   840    -1
  169 173  1047    -1
  169 190  1991    -1
  170 180  1908    -1
  172 179   783    -1
  180 205  2198    -1
  208 233  4289    -1
  212 222   627    -1
  214 235  2041     0
  222 223   230    -1
  233 239   902    -1
End
