NMec = 98513
T = 26
P = 3
Profits ignored
Solution time = 8.425e-03
Maximum possible tasks = 12
Solutions = 372
Task data
    5  65     1    -1
    9  17     1     0
   25  47     1    -1
   27  40     1    -1
   29  48     1    -1
   31  40     1    -1
   34  48     1     0
   35  41     1     1
   37  47     1     2
   39  53     1    -1
   43  52     1     1
   46  67     1    -1
   49  61     1    -1
   50  61     1     0
   51  72     1    -1
   52  56     1     2
   53  69     1    -1
   54  64     1    -1
   55  64     1     1
   56  73     1    -1
   58  66     1    -1
   58  77     1    -1
   59  81     1     2
   63  71     1     0
   65  78     1     1
   73  78     1     0
End
