NMec = 98513
T = 26
P = 7
Profits ignored
Solution time = 2.646e-01
Maximum possible tasks = 17
Solutions = 246
Task data
    0  19     1     0
    1  13     1     1
    2   8     1     2
    2  10     1     3
    2  17     1     4
    2  20     1    -1
    3   8     1     5
    5  12     1     6
    6  26     1    -1
    6  30     1    -1
   10  27     1    -1
   10  29     1    -1
   12  21     1     2
   13  28     1    -1
   14  26     1    -1
   14  30     1    -1
   14  34     1    -1
   15  20     1     1
   17  34     1     3
   18  25     1     4
   18  28     1     5
   20  25     1     0
   20  31     1     6
   21  37     1     1
   24  36     1     2
   27  33     1     0
End
