NMec = 98513
T = 26
P = 2
Profits not ignored
Solution time = 1.532e-02
Viable job selections = 1306981
Best total profit = 43008
Task data
    0 127 12520    -1
    2  24  2048    -1
    8  25  4557     0
   13  51  4348    -1
   14  15   460    -1
   15  98 23933     1
   20  28  2275    -1
   21  36  3329    -1
   34  44  1128     0
   45  57  2732     0
   47  57  1629    -1
   66  72   735    -1
   72  77  1049     0
   78  81   229     0
   86  96  1183    -1
   89 103  2883     0
   93 109  2767    -1
   93 114  2658    -1
  103 129  3154     1
  105 117  2007     0
  112 114   270    -1
  112 122  1702    -1
  112 129  1543    -1
  118 125  1336     0
  119 122   718    -1
  125 126   374    -1
End
