NMec = 98513
T = 26
P = 8
Profits not ignored
Solution time = 2.716e-01
Viable job selections = 33064022
Best total profit = 40761
Task data
    0  12  1891     0
    0  16  4654     1
    0  20  3753     2
    2   9  1139     3
    2  11  1207    -1
    4  15  1310    -1
    4  20  4106     4
    5  20  4160     5
    5  24  3323     6
    6  27  2310    -1
    7  16  1880     7
    7  25  2114    -1
    8  24  2649    -1
    9  21  2376    -1
   10  25  2943     3
   14  21   935    -1
   17  27  2657     0
   17  27  2387     1
   17  28  1196    -1
   18  24   697    -1
   19  29  1876     7
   20  29  1263    -1
   21  29  2016     2
   23  27   777     4
   24  32  2331     5
   26  31   868     3
End
