NMec = 98513
T = 26
P = 5
Profits not ignored
Solution time = 1.049e-01
Viable job selections = 13222584
Best total profit = 37605
Task data
    0  24  2079    -1
    2  50  6192     0
    3  22  2927     1
    5  12  1562     2
    5  23  3631     3
    8  27  1689    -1
    9  15  1417     4
   10  29  3386    -1
   12  23  1600    -1
   13  29  3598     2
   13  29  2248    -1
   15  34  2817    -1
   16  26  2367     4
   21  29  1501    -1
   24  39  1029    -1
   25  41  3182     1
   26  44  4259     3
   27  39  2566     4
   31  36   825     2
   35  44   870    -1
   35  48  1951    -1
   35  50  1575    -1
   37  46  1535     2
   41  51  2041     4
   44  49   852     1
   45  50   651     3
End
