NMec = 98513
T = 26
P = 7
Profits not ignored
Solution time = 1.806e-01
Viable job selections = 20493386
Best total profit = 37242
Task data
    0  19  1194    -1
    1  13  2695     0
    2   8  1066     1
    2  10   582    -1
    2  17  1785     2
    2  20  2204     3
    3   8   711     4
    5  12  1813     5
    6  26  1811    -1
    6  30  5162     6
   10  27  4227     1
   10  29  1615    -1
   12  21  1406     4
   13  28  3040     5
   14  26  2486     0
   14  30  2061    -1
   14  34  2737    -1
   15  20   565    -1
   17  34  2278    -1
   18  25  1573    -1
   18  28  1594    -1
   20  25   711    -1
   20  31  2836     2
   21  37  2997     3
   24  36  3656     4
   27  33  1158     0
End
