NMec = 98513
T = 27
P = 5
Profits not ignored
Solution time = 4.078e-02
Viable job selections = 3815879
Best total profit = 48139
Task data
    0  51 11885     0
    1  21  4239     1
    1  38  4281    -1
    1  45 11712     2
    4  45  4102    -1
    6  38  6579     3
    8  18   841    -1
    8  22  1967    -1
    9  36  7054     4
   10  20  2238    -1
   11  33  5436    -1
   14  34  1735    -1
   15  33  3627    -1
   18  34  2886    -1
   20  37  4568    -1
   21  31  1195    -1
   23  41  2589    -1
   28  45  3415    -1
   29  50  4105     1
   32  43   983    -1
   33  41  1146    -1
   34  42   739    -1
   35  40   602    -1
   36  48  2250    -1
   38  45  1384     4
   39  46  1181     3
   41  45   674    -1
End
