NMec = 98513
T = 27
P = 3
Profits not ignored
Solution time = 3.097e-02
Viable job selections = 3332660
Best total profit = 35594
Task data
    1   8   933     0
    6  14   859    -1
    8  28  2665    -1
    9  43  2632    -1
   11  18  1257     0
   11  58  5112    -1
   12  24  3348     1
   12  85 12116     2
   13  25  2908    -1
   15  30  2653    -1
   16  25  1184    -1
   17  27  1745    -1
   18  38  2197    -1
   22  41  4652     0
   29  39  1569     1
   35  44  1345    -1
   40  52  2923    -1
   41  49  2240     1
   46  51   908     0
   47  73  3745    -1
   51  62  2295     1
   53  73  3283    -1
   56  71  3425    -1
   58  68  1641    -1
   61  77  3836     0
   68  76  2440     1
   71  73   427    -1
End
