NMec = 98513
T = 27
P = 2
Profits ignored
Solution time = 2.763e-02
Maximum possible tasks = 14
Solutions = 765
Task data
    0  10     1    -1
    4  20     1     0
    4  21     1     1
   13  28     1    -1
   24  33     1    -1
   28  31     1     0
   28  54     1     1
   34  41     1     0
   51 134     1    -1
   54  59     1    -1
   54  63     1     0
   56 111     1    -1
   59  80     1     1
   68  78     1     0
   73  89     1    -1
   78  98     1    -1
   81  90     1    -1
   82 110     1    -1
   84 103     1     0
   85  88     1     1
  101 110     1     1
  108 127     1    -1
  109 121     1     0
  118 131     1    -1
  119 132     1    -1
  122 124     1     0
  122 125     1     1
End
