NMec = 98513
T = 27
P = 6
Profits ignored
Solution time = 8.860e-02
Maximum possible tasks = 14
Solutions = 4281
Task data
    1  43     1    -1
    3  17     1     0
    5  19     1    -1
    5  20     1    -1
    7  24     1     1
    8  34     1    -1
   10  28     1    -1
   10  34     1    -1
   11  21     1     2
   12  39     1    -1
   15  38     1    -1
   16  39     1    -1
   17  22     1     3
   17  28     1    -1
   17  34     1     4
   18  20     1     0
   19  28     1     5
   22  41     1    -1
   25  40     1    -1
   25  41     1    -1
   25  43     1     0
   26  38     1     1
   27  42     1     2
   27  43     1     3
   32  39     1     5
   35  43     1     4
   39  43     1     1
End
