NMec = 98513
T = 27
P = 1
Profits not ignored
Solution time = 7.975e-04
Viable job selections = 60648
Best total profit = 33794
Task data
   10  32  1592    -1
   12  23  1832    -1
   18  41  5338     0
   21  41  2203    -1
   36 239 19959    -1
   39  51  1466    -1
   44  64  1934    -1
   50  61  2210     0
   62  70   696     0
   79  85  1125    -1
   81 105  5949     0
   86 105  2113    -1
   95 157  6241    -1
   96 111  2855    -1
  105 113  1448    -1
  111 118   958    -1
  115 120  1212    -1
  116 131  2893     0
  144 162  4029    -1
  147 168  4150     0
  155 161  1142    -1
  161 230  7144    -1
  187 256 11030     0
  214 229  1238    -1
  219 225   901    -1
  245 253  1899    -1
  261 267  1528     0
End
