NMec = 98513
T = 27
P = 2
Profits not ignored
Solution time = 2.235e-02
Viable job selections = 2048488
Best total profit = 41613
Task data
    0  10  2323     0
    4  20  2206    -1
    4  21  4808     1
   13  28  2225     0
   24  33  2155    -1
   28  31   577    -1
   28  54  3999     1
   34  41   661     0
   51 134 12987     0
   54  59   767    -1
   54  63  1912    -1
   56 111 11877     1
   59  80  2093    -1
   68  78  1088    -1
   73  89  3922    -1
   78  98  2110    -1
   81  90   812    -1
   82 110  3420    -1
   84 103  2385    -1
   85  88   732    -1
  101 110  1622    -1
  108 127  1895    -1
  109 121  3342    -1
  118 131  1481    -1
  119 132  2733     1
  122 124   332    -1
  122 125   560    -1
End
