NMec = 98513
T = 27
P = 8
Profits not ignored
Solution time = 6.786e-01
Viable job selections = 54326266
Best total profit = 35052
Task data
    0   3   436     0
    0  18  2877     1
    1   8  1880     2
    1  17  1117    -1
    3  18  1580    -1
    3  28  2222    -1
    4  17  2034     0
    5  24  3471     3
    5  27  1835    -1
    5  28  5664     4
    7  33  1938    -1
    8  11   849     5
    8  33  2127    -1
    9  17   852    -1
   10  16  1444     2
   10  23  1995    -1
   10  23  2811     6
   11  33  3280     7
   15  29  2130    -1
   16  33  2856     5
   17  23  1834     2
   18  24  1251     0
   21  32  1465     1
   24  29   841     2
   25  28   743     0
   25  29  1124     3
   26  27   192     6
End
