NMec = 98513
T = 27
P = 4
Profits not ignored
Solution time = 7.744e-02
Viable job selections = 10632112
Best total profit = 36677
Task data
    2  15  1702    -1
    2  19  4784     0
    5  11   623    -1
    6  17  3025     1
    6  66  7379     2
    8  19   943    -1
    9  58  5959    -1
   10  18   714    -1
   10  22  1552    -1
   10  25  3713     3
   11  24  1393    -1
   12  32  2694    -1
   15  27  2331    -1
   24  37  2330     0
   25  39  2620     1
   32  40  1739    -1
   32  43  2654     3
   34  52  1860    -1
   40  46   898     0
   45  53  1244    -1
   46  56  1324    -1
   46  59  3174     1
   46  62  2869     3
   47  60  2889     0
   52  61  1993    -1
   53  61  2139    -1
   62  64   342     0
End
