NMec = 98513
T = 27
P = 7
Profits ignored
Solution time = 6.012e-02
Maximum possible tasks = 12
Solutions = 45558
Task data
    1  20     1    -1
    3  19     1    -1
    3  20     1    -1
    3  21     1     0
    4  14     1     1
    4  17     1     2
    5  22     1    -1
    5  22     1    -1
    7  31     1    -1
   10  15     1     3
   11  29     1    -1
   11  34     1    -1
   13  25     1    -1
   13  28     1    -1
   13  34     1    -1
   13  35     1    -1
   15  30     1    -1
   15  30     1    -1
   15  31     1    -1
   15  36     1     1
   17  25     1     3
   17  35     1     4
   18  31     1     2
   18  32     1     5
   19  33     1     6
   22  36     1     0
   27  37     1     3
End
