NMec = 98513
T = 27
P = 7
Profits not ignored
Solution time = 1.041e-01
Viable job selections = 6913473
Best total profit = 35131
Task data
    1  20  4253     0
    3  19  2761    -1
    3  20  1396    -1
    3  21  3684     1
    4  14   938     2
    4  17  3171     3
    5  22  4132     4
    5  22  2010    -1
    7  31  1822    -1
   10  15   547    -1
   11  29  2519    -1
   11  34  3117    -1
   13  25  2677    -1
   13  28  2140    -1
   13  34  1754    -1
   13  35  6274     5
   15  30  3020    -1
   15  30  3119     2
   15  31  1854    -1
   15  36  3234     6
   17  25  2003    -1
   17  35  1746    -1
   18  31  1227    -1
   18  32  2618     3
   19  33  2168    -1
   22  36  2130     0
   27  37  1578     1
End
