NMec = 98513
T = 27
P = 6
Profits not ignored
Solution time = 1.407e-01
Viable job selections = 10400986
Best total profit = 39303
Task data
    1  43  9263     0
    3  17  1678     1
    5  19  1598    -1
    5  20  3274     2
    7  24  3166     3
    8  34  3802    -1
   10  28  5103     4
   10  34  3664    -1
   11  21  1649    -1
   12  39  4989     5
   15  38  1951    -1
   16  39  3950    -1
   17  22  1127    -1
   17  28  1296    -1
   17  34  1349    -1
   18  20   311     1
   19  28  1989    -1
   22  41  3133     1
   25  40  1340    -1
   25  41  2066    -1
   25  43  2807    -1
   26  38  2371    -1
   27  42  3814     2
   27  43  2842     3
   32  39  1730     4
   35  43   854    -1
   39  43   445    -1
End
