NMec = 98513
T = 28
P = 4
Profits not ignored
Solution time = 1.280e-01
Viable job selections = 16631285
Best total profit = 41980
Task data
    1   7  1299     0
    1  12  1637    -1
    1  65  6643    -1
    2  16  2035     1
    3  58 10502     2
    5   9   742    -1
    6  16  2824     3
    8  28  2796    -1
    8  66  4081    -1
   11  19  1126     0
   11  61  4622    -1
   18  45  4572     1
   19  25  1707    -1
   19  32  2623     3
   20  29  2039    -1
   22  38  2995    -1
   22  40  4087     0
   25  37  1505    -1
   29  36  1542    -1
   33  44  2738     3
   34  52  2123    -1
   36  46  1116    -1
   41  50  2598     0
   45  68  2701     3
   46  60  2328     1
   55  63  1784     0
   58  66   881    -1
   61  64   763     1
End
