NMec = 98513
T = 28
P = 3
Profits not ignored
Solution time = 1.177e-01
Viable job selections = 14465798
Best total profit = 45686
Task data
    3  21  4054     0
    6  14  1108     1
   11  24  2189     2
   13  34  1826    -1
   15  20  1647    -1
   15  29  2101    -1
   19  86 15255     1
   23  38  3267     0
   25  47  3455     2
   26  47  2831    -1
   27  32   828    -1
   32  44  1312    -1
   38  52  1441    -1
   41  55  1705     0
   42  50   963    -1
   48  57  1303     2
   51  85  3051    -1
   55  72  1805    -1
   57  62   725     0
   60  78  1463    -1
   61  66   820     2
   61  73  2143    -1
   64  76  2373    -1
   65  87  5134     0
   67  93  6671     2
   70  79   637    -1
   80  89  1417    -1
   83  93  1602    -1
End
