NMec = 98513
T = 28
P = 2
Profits not ignored
Solution time = 4.897e-02
Viable job selections = 6406088
Best total profit = 33651
Task data
    0  19  2723     0
    0  20  1616     1
    1  11  1300    -1
    8  16   929    -1
   10  15   532    -1
   11  23  1711    -1
   21  38  1425     0
   23  43  1916     1
   32  48  1943    -1
   36  47  1918    -1
   39  56  4881     0
   40  49  1565    -1
   43  59  2423    -1
   45  60  3553     1
   59  67  1686     0
   59  73   965    -1
   64  84  5251     1
   73  81  1316    -1
   77  83  1965     0
   78  99  1372    -1
   83  88  1623    -1
   85  99  1197     0
   86 106  2116     1
  106 113   880     0
  109 117  1717     1
  113 121  1034    -1
  115 127  1905     0
  124 128   820     1
End
