NMec = 98513
T = 28
P = 7
Profits not ignored
Solution time = 1.698e-01
Viable job selections = 18772922
Best total profit = 35062
Task data
    0  19  1943     0
    0  36  3348    -1
    6  25  2286    -1
    7  21  1709    -1
    8  20  1305    -1
    8  22  4174     1
    9  14   605     2
    9  20  3270     3
    9  23  2635     4
   10  27  1533    -1
   12  20   930    -1
   12  35  3298    -1
   13  21  1189    -1
   13  22   954    -1
   13  23  2064    -1
   13  37  5449     5
   14  27  1636    -1
   15  29  4036     2
   16  35  3657    -1
   17  37  4451     6
   20  23   652     0
   20  25   760    -1
   20  36  1988    -1
   23  36  1197    -1
   23  38  1740     1
   24  33  1977     0
   24  37  1403     3
   24  37  2727     4
End
