NMec = 98513
T = 28
P = 1
Profits not ignored
Solution time = 2.939e-03
Viable job selections = 256893
Best total profit = 26807
Task data
   28  36   830    -1
   34  53  2783    -1
   34  53  2912     0
   35  45  1384    -1
   41  47  1510    -1
   46  66  2845    -1
   55  65  1457     0
   60 230 13735    -1
   66  71   947    -1
   66  77  1460     0
   76  83  1270    -1
   82 101  1698    -1
   83 104  4089     0
  102 108   901    -1
  105 120  2573    -1
  106 134  3312     0
  119 130  1505    -1
  130 134   582    -1
  142 157  1865    -1
  145 154  1479     0
  156 165  1482     0
  156 166  1267    -1
  173 176  1100    -1
  174 185  1459     0
  228 247  4680     0
  238 245  1372    -1
  251 264  2128    -1
  254 276  4477     0
End
