NMec = 98513
T = 28
P = 8
Profits ignored
Solution time = 3.049e-01
Maximum possible tasks = 16
Solutions = 16560
Task data
    1  13     1     0
    1  17     1    -1
    1  19     1    -1
    2  19     1    -1
    3  17     1     1
    3  20     1    -1
    4  20     1    -1
    4  21     1    -1
    5  27     1    -1
    6  19     1     2
    6  22     1    -1
    7  20     1     3
    7  30     1    -1
   10  16     1     4
   11  27     1    -1
   12  32     1    -1
   13  22     1     5
   14  24     1    -1
   14  26     1     0
   14  32     1     6
   16  24     1     7
   17  34     1     4
   19  29     1     1
   20  28     1     2
   23  31     1     3
   23  33     1     5
   28  30     1     0
   32  33     1     0
End
