NMec = 98513
T = 28
P = 6
Profits not ignored
Solution time = 6.406e-01
Viable job selections = 68735214
Best total profit = 43558
Task data
    0  10  2744     0
    0  14  1389    -1
    0  21  3035    -1
    1  43  6601     1
    4  20  2390     2
    4  26  4058    -1
    5  16  1716    -1
    5  17  3049     3
    6  11  1379    -1
    6  18  2412     4
    7  17  1256    -1
    8  25  4243     5
    8  25  3895    -1
   11  23  1839     0
   14  24  1442    -1
   18  32  1908    -1
   19  41  5308     3
   20  31  3037     4
   21  41  4298     2
   24  39  2319     0
   24  45  2202    -1
   25  40  1313    -1
   29  44  2784     5
   31  40  1591    -1
   32  46  1701     4
   36  42   629    -1
   40  46   833     0
   41  46   537    -1
End
