NMec = 98513
T = 28
P = 8
Profits not ignored
Solution time = 3.357e-01
Viable job selections = 51041124
Best total profit = 38929
Task data
    1  13  2586     0
    1  17  3157     1
    1  19  2556     2
    2  19  2165    -1
    3  17  1498    -1
    3  20  2473    -1
    4  20  1160    -1
    4  21  3458     3
    5  27  3239     4
    6  19  1790    -1
    6  22  1787    -1
    7  20  1421    -1
    7  30  2827    -1
   10  16  1380     5
   11  27  4596     6
   12  32  5752     7
   13  22  2159    -1
   14  24  1720    -1
   14  26  1778    -1
   14  32  2440     0
   16  24  1526    -1
   17  34  4850     5
   19  29  1280     1
   20  28   721    -1
   23  31  1436     2
   23  33  1604     3
   28  30   288     4
   32  33   307     1
End
