NMec = 98513
T = 28
P = 6
Profits ignored
Solution time = 5.921e-01
Maximum possible tasks = 18
Solutions = 1130
Task data
    0  10     1     0
    0  14     1    -1
    0  21     1    -1
    1  43     1    -1
    4  20     1    -1
    4  26     1    -1
    5  16     1    -1
    5  17     1    -1
    6  11     1     1
    6  18     1     2
    7  17     1     3
    8  25     1     4
    8  25     1     5
   11  23     1     0
   14  24     1     1
   18  32     1     3
   19  41     1    -1
   20  31     1     2
   21  41     1    -1
   24  39     1     0
   24  45     1    -1
   25  40     1     1
   29  44     1     4
   31  40     1     5
   32  46     1     2
   36  42     1     3
   40  46     1     0
   41  46     1     1
End
