NMec = 98513
T = 28
P = 1
Profits ignored
Solution time = 2.770e-03
Maximum possible tasks = 12
Solutions = 176
Task data
   28  36     1     0
   34  53     1    -1
   34  53     1    -1
   35  45     1    -1
   41  47     1     0
   46  66     1    -1
   55  65     1     0
   60 230     1    -1
   66  71     1    -1
   66  77     1     0
   76  83     1    -1
   82 101     1    -1
   83 104     1     0
  102 108     1    -1
  105 120     1     0
  106 134     1    -1
  119 130     1    -1
  130 134     1     0
  142 157     1    -1
  145 154     1     0
  156 165     1    -1
  156 166     1     0
  173 176     1    -1
  174 185     1     0
  228 247     1    -1
  238 245     1     0
  251 264     1    -1
  254 276     1     0
End
