NMec = 98513
T = 28
P = 5
Profits not ignored
Solution time = 2.113e-01
Viable job selections = 26736215
Best total profit = 40005
Task data
    0  54  6364     0
    1  10  1559     1
    4  20  2862    -1
    5  15  1531    -1
    6  53  5194    -1
    7  20  3452     2
    8  11   642    -1
    8  14  2051     3
    8  21  3112    -1
    8  28  2087    -1
    9  24  3647     4
   11  44  2431    -1
   12  36  3979     1
   14  21   881    -1
   15  42  2015    -1
   18  38  4534     3
   20  34  2971    -1
   26  35  1907    -1
   27  38  1507    -1
   27  51  5691     2
   31  48  4069     4
   33  52  2361    -1
   39  45   860    -1
   39  47  1159     1
   42  49   844    -1
   42  52  2170     3
   45  51  1083    -1
   50  55  1330     1
End
