NMec = 98513
T = 29
P = 5
Profits not ignored
Solution time = 6.037e-01
Viable job selections = 77625606
Best total profit = 42768
Task data
    1   8  1153     0
    1  55  6243    -1
    2  13   930    -1
    3  18  1719     1
    7  26  3749     2
    7  46  3018    -1
    9  56  9370     0
   11  17  1244     3
   11  24  1661     4
   12  38  5379    -1
   13  27  1474    -1
   19  33  3194     1
   19  54  8158     3
   20  25   940    -1
   20  27   982    -1
   22  30   966    -1
   25  31  1163     4
   29  42  1932    -1
   29  43  3127     2
   32  40  1660    -1
   33  36   624    -1
   33  46  3157     4
   35  39   587    -1
   35  40   739    -1
   38  56  2829     1
   47  53  1154     2
   48  57  1090     4
   50  56   911    -1
   52  55   775    -1
End
