NMec = 98513
T = 29
P = 1
Profits not ignored
Solution time = 2.447e-03
Viable job selections = 231608
Best total profit = 30932
Task data
   25  39  2164    -1
   26  47  4187     0
   33  55  1982    -1
   37  42   464    -1
   37  44   800    -1
   37  46  2431    -1
   51  62  1353     0
   63  73   633     0
   77  89  1354    -1
   80  98  1979    -1
   83  98  3148     0
   91 255 16097    -1
   97 117  2872    -1
  110 123  1567    -1
  112 125  1691    -1
  115 132  4028    -1
  117 126  1737     0
  117 134  2832    -1
  129 147  4357     0
  130 136   937    -1
  137 145  1463    -1
  167 178  1137     0
  169 182  1106    -1
  181 185   490    -1
  181 190  1631     0
  197 212  1491     0
  219 265  8704     0
  248 252   539    -1
  266 276  2554     0
End
