NMec = 98513
T = 29
P = 3
Profits not ignored
Solution time = 2.002e-01
Viable job selections = 30149386
Best total profit = 47607
Task data
    2  18  2136     0
    3  10   873    -1
    5  19  3987     1
    9  16  1728    -1
   10  34  6821     2
   19  25   725     0
   21  38  3157     1
   23  41  1475    -1
   25  31  1568    -1
   25  38  1585    -1
   27  43  3834     0
   36  53  2636     2
   40  65  5429     1
   45  91  6630    -1
   52  67  2404     0
   53  66  1351    -1
   53  74  1922    -1
   54  63  2022    -1
   54  72  2155    -1
   55  78  6081     2
   58  61   363    -1
   61  73  1331    -1
   67  75  1168     1
   71  93  4513     0
   76  87  2587     1
   83  95  1415     2
   85  91   691    -1
   91  93   522     1
   95  96   192     0
End
