NMec = 98513
T = 29
P = 1
Profits ignored
Solution time = 2.176e-03
Maximum possible tasks = 12
Solutions = 200
Task data
   25  39     1    -1
   26  47     1    -1
   33  55     1    -1
   37  42     1    -1
   37  44     1    -1
   37  46     1     0
   51  62     1     0
   63  73     1     0
   77  89     1    -1
   80  98     1    -1
   83  98     1     0
   91 255     1    -1
   97 117     1    -1
  110 123     1    -1
  112 125     1    -1
  115 132     1    -1
  117 126     1     0
  117 134     1    -1
  129 147     1    -1
  130 136     1     0
  137 145     1     0
  167 178     1     0
  169 182     1    -1
  181 185     1    -1
  181 190     1     0
  197 212     1     0
  219 265     1    -1
  248 252     1     0
  266 276     1     0
End
