NMec = 98513
T = 29
P = 7
Profits ignored
Solution time = 7.945e-01
Maximum possible tasks = 19
Solutions = 3
Task data
    0  13     1     0
    0  38     1    -1
    0  40     1    -1
    1  19     1     1
    1  38     1    -1
    2  12     1     2
    2  16     1     3
    5  29     1    -1
    8  27     1    -1
    9  20     1     4
   10  32     1    -1
   10  36     1    -1
   11  31     1     5
   12  18     1     6
   13  32     1    -1
   14  34     1    -1
   15  21     1     0
   15  34     1    -1
   16  21     1     2
   18  33     1     3
   20  29     1     1
   20  37     1     6
   22  29     1     0
   23  34     1     2
   25  40     1     4
   30  38     1     0
   30  40     1     1
   32  37     1     5
   34  41     1     3
End
