NMec = 98513
T = 29
P = 4
Profits not ignored
Solution time = 2.165e-01
Viable job selections = 23154698
Best total profit = 44057
Task data
    4  16  1389    -1
    6  12   603     0
    8  21  3401     1
    8  57  8845     2
    9  24  3353     3
   10  20  1135    -1
   13  26  2182    -1
   16  36  4886     0
   16  38  2205    -1
   18  34  2196    -1
   19  39  2855    -1
   25  30   688    -1
   25  34  2089     1
   27  45  5105     3
   32  45  1256    -1
   34  44  2383    -1
   36  60  2671    -1
   37  53  4605     0
   38  62  2629    -1
   39  48  1031    -1
   39  52  2485    -1
   39  60  2259    -1
   44  67  4523     1
   45  55  1118    -1
   48  61  2382    -1
   48  67  1748    -1
   49  65  4197     3
   54  60  1777     0
   60  67   673     2
End
