NMec = 98513
T = 29
P = 6
Profits ignored
Solution time = 8.131e-01
Maximum possible tasks = 21
Solutions = 3
Task data
    1  12     1     0
    1  15     1    -1
    1  21     1    -1
    2  16     1     1
    4   9     1     2
    4  12     1     3
    4  43     1    -1
    5  16     1     4
    5  20     1    -1
    5  25     1    -1
    6  14     1     5
    9  24     1    -1
   11  19     1     2
   12  33     1    -1
   12  45     1    -1
   14  21     1     0
   14  26     1     3
   15  25     1     5
   17  27     1     1
   19  30     1     4
   24  35     1     0
   26  31     1     2
   26  36     1     5
   27  38     1     3
   29  35     1     1
   34  43     1     2
   36  47     1     0
   38  48     1     1
   40  43     1     3
End
