NMec = 98513
T = 29
P = 2
Profits ignored
Solution time = 1.511e-02
Maximum possible tasks = 14
Solutions = 948
Task data
    1  11     1    -1
    4 141     1    -1
    7  14     1     0
    7  29     1     1
   31  54     1    -1
   33  34     1     0
   34  41     1     1
   46 106     1    -1
   48  59     1     0
   51  69     1    -1
   54 142     1    -1
   55  69     1    -1
   58  67     1    -1
   61  70     1    -1
   62  78     1    -1
   66  70     1     0
   67  81     1     1
   69 124     1    -1
   77  95     1    -1
   83  90     1     0
   83  93     1    -1
   84  94     1    -1
   92 103     1     0
   93  98     1     1
   93 115     1    -1
  102 119     1     1
  106 124     1     0
  128 136     1     0
  135 139     1     1
End
