NMec = 98513
T = 29
P = 8
Profits not ignored
Solution time = 5.940e-01
Viable job selections = 66700812
Best total profit = 35017
Task data
    1  21  3744     0
    1  22  2738    -1
    1  22  4106     1
    1  33  4658     2
    4  16  1177    -1
    4  21  3877     3
    5  16  1797     4
    5  30  2471    -1
    6  17  2532    -1
    8  18  2729    -1
   10  15   669    -1
   10  29  1731    -1
   11  14   575    -1
   11  24  3302     5
   11  29  3277    -1
   12  34  2525    -1
   13  14   168    -1
   13  26  3796     6
   13  35  2171    -1
   13  35  3042    -1
   14  35  5312     7
   15  23  2213    -1
   16  31  2109    -1
   17  22  1076    -1
   17  31  2655     4
   20  22   451    -1
   24  25   264     0
   28  36  1080     0
   31  36   426     1
End
