NMec = 98513
T = 29
P = 2
Profits not ignored
Solution time = 1.591e-02
Viable job selections = 1778615
Best total profit = 52711
Task data
    1  11  1784    -1
    4 141 31788     0
    7  14  1646    -1
    7  29  2184     1
   31  54  3743    -1
   33  34   245    -1
   34  41   720     1
   46 106  5730    -1
   48  59  1990    -1
   51  69  2518    -1
   54 142 18019     1
   55  69  2858    -1
   58  67  1587    -1
   61  70  1868    -1
   62  78  4348    -1
   66  70  1009    -1
   67  81  2276    -1
   69 124  9830    -1
   77  95  1698    -1
   83  90   876    -1
   83  93  1846    -1
   84  94  1747    -1
   92 103  3011    -1
   93  98   781    -1
   93 115  2085    -1
  102 119  3194    -1
  106 124  2435    -1
  128 136  1470    -1
  135 139   480    -1
End
