NMec = 98513
T = 29
P = 6
Profits not ignored
Solution time = 8.713e-01
Viable job selections = 123154208
Best total profit = 41166
Task data
    1  12  1648     0
    1  15  2956     1
    1  21  5026     2
    2  16  2629     3
    4   9  1210     4
    4  12  1024    -1
    4  43  3421    -1
    5  16  1281    -1
    5  20  1162    -1
    5  25  2996    -1
    6  14  1311     5
    9  24  1247    -1
   11  19  1420    -1
   12  33  1615    -1
   12  45  4761     4
   14  21   985    -1
   14  26  3034     0
   15  25  2257     5
   17  27  1730     1
   19  30  1014     3
   24  35  1185     2
   26  31   618    -1
   26  36  2507     5
   27  38  2097     0
   29  35  1279     1
   34  43   985     3
   36  47  2347     1
   38  48  2372     2
   40  43   818     0
End
