NMec = 98513
T = 29
P = 7
Profits not ignored
Solution time = 7.182e-01
Viable job selections = 77477381
Best total profit = 50201
Task data
    0  13  1389    -1
    0  38  4571    -1
    0  40 10271     0
    1  19  2909     1
    1  38  3755    -1
    2  12  1689     2
    2  16  3303     3
    5  29  6172     4
    8  27  2385    -1
    9  20  3102     5
   10  32  4952     6
   10  36  2712    -1
   11  31  3177    -1
   12  18  1743    -1
   13  32  4195     2
   14  34  1791    -1
   15  21   662    -1
   15  34  3484    -1
   16  21   353    -1
   18  33  3325     3
   20  29  1296    -1
   20  37  3272     1
   22  29  1226     5
   23  34  1320    -1
   25  40  2256    -1
   30  38  1368     4
   30  40  2705     5
   32  37   853    -1
   34  41  1712     2
End
