NMec = 98513
T = 30
P = 5
Profits ignored
Solution time = 3.932e-01
Maximum possible tasks = 15
Solutions = 26467
Task data
    1  56     1    -1
    3  10     1     0
    3  19     1    -1
    3  20     1    -1
    3  22     1    -1
    4  18     1    -1
    9  42     1    -1
   10  22     1     1
   11  32     1    -1
   12  51     1    -1
   15  23     1     0
   16  26     1     2
   16  53     1    -1
   17  24     1     3
   17  27     1     4
   20  41     1    -1
   21  48     1    -1
   22  42     1    -1
   22  59     1    -1
   23  28     1     1
   25  44     1    -1
   27  35     1     0
   29  36     1     1
   29  53     1    -1
   35  47     1     2
   36  42     1     0
   36  48     1     3
   39  52     1     1
   39  57     1     4
   43  59     1     0
End
