NMec = 98513
T = 30
P = 4
Profits not ignored
Solution time = 6.508e-01
Viable job selections = 75702388
Best total profit = 34075
Task data
    1  10  2031     0
    2  28  2308     1
    3  25  1961    -1
    3  37  3450     2
    4  33  2806    -1
    5  65  7571     3
    8  32  1862    -1
   15  17   382     0
   18  24  1494    -1
   19  32  3082     0
   24  32  2419    -1
   26  43  2837    -1
   27  37   878    -1
   29  40  1267    -1
   30  39   869    -1
   31  42  2833     1
   36  51  3729     0
   36  52  2338    -1
   37  64  2694    -1
   38  60  3277     2
   41  48  1193    -1
   46  58  1583     1
   49  65  2094    -1
   50  57   810    -1
   55  70  1647    -1
   56  69  1745     0
   59  62  1088    -1
   59  71  1387     1
   59  73  1257    -1
   65  68   697     2
End
