NMec = 98513
T = 30
P = 2
Profits not ignored
Solution time = 1.764e-01
Viable job selections = 18387720
Best total profit = 44092
Task data
    0   4   743     0
    0  55 10978     1
    6  14  1219     0
    7  13   750    -1
   11  20   864    -1
   22  43  3396     0
   23  32  1534    -1
   23  36  1416    -1
   27  45  2819    -1
   29  55  2246    -1
   42  60  3731    -1
   55  87  7588     0
   57  66   726    -1
   63  82  4464     1
   65  80  3963    -1
   79 100  2321    -1
   89  96   992    -1
   89 105  3693     0
   91 101   924    -1
   91 103  1173     1
  104 125  3717     1
  107 121  2498     0
  116 125  1103    -1
  116 135  4712    -1
  117 128  2794    -1
  119 125   483    -1
  124 141  2385     0
  129 130   183     1
  133 143  1709     1
  144 145   346     0
End
