NMec = 98513
T = 30
P = 6
Profits not ignored
Solution time = 1.000e+00
Viable job selections = 93773904
Best total profit = 41354
Task data
    0  14  2213     0
    1   6   541     1
    2  17  3241     2
    3  17  1911    -1
    6  24  4995     3
    7  16  1451     1
    9  25  4571     4
   10  15   978    -1
   12  29  1788    -1
   13  36  4270    -1
   13  42  4534    -1
   13  47  5420     5
   16  30  1587     0
   17  33  1879     1
   20  41  1906    -1
   21  39  1803    -1
   22  34  1556    -1
   23  46  3336     2
   24  46  2342    -1
   26  34  1271     3
   26  35  2042     4
   29  41  1803    -1
   30  41  1141    -1
   30  48  1833    -1
   32  34   729    -1
   32  41  1269    -1
   33  49  4475     0
   34  43  2709     1
   35  42  1055     3
   39  46   568     4
End
