NMec = 98513
T = 30
P = 7
Profits ignored
Solution time = 1.567e+00
Maximum possible tasks = 20
Solutions = 21
Task data
    1   6     1     0
    1  20     1    -1
    2   7     1     1
    3  15     1     2
    3  22     1    -1
    4  15     1     3
    4  21     1    -1
    5  13     1     4
    5  18     1    -1
    5  18     1    -1
    6  10     1     5
    6  19     1     6
    6  38     1    -1
    8  17     1     0
    9  17     1     1
    9  33     1    -1
    9  35     1    -1
   11  23     1    -1
   12  24     1    -1
   15  28     1     4
   16  22     1     2
   16  30     1     3
   17  33     1     5
   18  23     1     0
   20  30     1     1
   20  33     1     6
   23  31     1     2
   24  41     1     0
   33  40     1     1
   36  41     1     2
End
