NMec = 98513
T = 30
P = 1
Profits not ignored
Solution time = 4.776e-03
Viable job selections = 249547
Best total profit = 52558
Task data
   13  29  3692    -1
   16 186 30679    -1
   25 271 50118     0
   36  55  4364    -1
   46  60  1903    -1
   67  72  1253    -1
   73 272 36725    -1
   80  88  1709    -1
  112 125  1030    -1
  124 140  3641    -1
  128 137  1046    -1
  128 143  2249    -1
  129 140  1931    -1
  130 176  3299    -1
  139 147  2425    -1
  141 154  3244    -1
  169 190  4495    -1
  182 195  3188    -1
  193 207  2007    -1
  227 242  2487    -1
  235 247  1737    -1
  237 249  1113    -1
  239 253  2391    -1
  244 248   778    -1
  256 264  1108    -1
  259 272  1766    -1
  261 275  1249    -1
  262 268   894    -1
  275 289  2440     0
  278 294  2428    -1
End
