NMec = 98513
T = 30
P = 2
Profits ignored
Solution time = 1.650e-01
Maximum possible tasks = 16
Solutions = 2904
Task data
    0   4     1     0
    0  55     1    -1
    6  14     1    -1
    7  13     1     0
   11  20     1     1
   22  43     1    -1
   23  32     1    -1
   23  36     1     0
   27  45     1    -1
   29  55     1     1
   42  60     1     0
   55  87     1    -1
   57  66     1    -1
   63  82     1     0
   65  80     1     1
   79 100     1    -1
   89  96     1    -1
   89 105     1    -1
   91 101     1     0
   91 103     1     1
  104 125     1    -1
  107 121     1     0
  116 125     1    -1
  116 135     1    -1
  117 128     1    -1
  119 125     1     1
  124 141     1     0
  129 130     1     1
  133 143     1     1
  144 145     1     0
End
