NMec = 98513
T = 30
P = 8
Profits not ignored
Solution time = 2.919e+00
Viable job selections = 353062592
Best total profit = 41039
Task data
    0   8  1224     0
    1   4   419     1
    1  11  1761     2
    1  17  1321    -1
    2  21  4749     3
    2  22  4697     4
    3  16   998    -1
    3  20  4558     5
    4  17  2142     6
    4  19  2571    -1
    5  15  1573     1
    6   9   678     7
    6  20  2723    -1
    7  24  3155    -1
    9  10   425    -1
    9  28  4195     0
    9  33  3835    -1
    9  36  3354    -1
   10  21  2605    -1
   10  27  3877     7
   14  20   836    -1
   16  23   990    -1
   17  36  2903     1
   18  24  1664     2
   18  27  1676    -1
   18  32  2598     6
   22  35  1524     3
   24  33   841     4
   25  32   806     2
   26  32   830     5
End
