NMec = 98513
T = 30
P = 3
Profits not ignored
Solution time = 1.665e-01
Viable job selections = 25454804
Best total profit = 40464
Task data
    1   7   956     0
    1  22  2908     1
    1  82 11361     2
    3  92  9628    -1
   10  21  1550    -1
   10  25  2440     0
   12  22  1529    -1
   12  27  1967    -1
   20  22   572    -1
   20  27  1164    -1
   22  42  1884    -1
   24  40  1569     1
   28  37  1375    -1
   28  48  1376    -1
   29  50  3679    -1
   31  48  1955    -1
   34  53  2035    -1
   36  85  8560     0
   37  65  5422    -1
   45  66  4809     1
   54  59   959    -1
   62  80  3266    -1
   63  72   821    -1
   73  80  2013    -1
   73  95  5485     1
   74  90  3221    -1
   83  86   498     2
   89  94   880     0
   90  96   659     2
   97  98   339     0
End
