NMec = 98513
T = 30
P = 6
Profits ignored
Solution time = 1.245e+00
Maximum possible tasks = 17
Solutions = 8919
Task data
    0  14     1    -1
    1   6     1     0
    2  17     1    -1
    3  17     1     1
    6  24     1     2
    7  16     1     0
    9  25     1     3
   10  15     1     4
   12  29     1     5
   13  36     1    -1
   13  42     1    -1
   13  47     1    -1
   16  30     1     4
   17  33     1     0
   20  41     1    -1
   21  39     1    -1
   22  34     1    -1
   23  46     1    -1
   24  46     1    -1
   26  34     1    -1
   26  35     1     1
   29  41     1    -1
   30  41     1    -1
   30  48     1     2
   32  34     1     3
   32  41     1     4
   33  49     1     5
   34  43     1     0
   35  42     1     3
   39  46     1     1
End
