NMec = 98513
T = 30
P = 7
Profits not ignored
Solution time = 1.562e+00
Viable job selections = 204763748
Best total profit = 43581
Task data
    1   6   908     0
    1  20  4295     1
    2   7   522     2
    3  15  1917    -1
    3  22  4103     3
    4  15  1305    -1
    4  21  2452    -1
    5  13  1671    -1
    5  18  4024     4
    5  18  2630     5
    6  10   996    -1
    6  19  2519    -1
    6  38  5723     6
    8  17  1240    -1
    9  17   742    -1
    9  33  5570     0
    9  35  3460     2
   11  23  1746    -1
   12  24  1317    -1
   15  28  1203    -1
   16  22   561    -1
   16  30  1486    -1
   17  33  1345    -1
   18  23   695    -1
   20  30  1736     4
   20  33  2158     5
   23  31   965     1
   24  41  4598     3
   33  40  1718     1
   36  41  1171     0
End
