NMec = 98513
T = 30
P = 4
Profits ignored
Solution time = 7.538e-01
Maximum possible tasks = 18
Solutions = 1712
Task data
    1  10     1     0
    2  28     1    -1
    3  25     1     1
    3  37     1    -1
    4  33     1    -1
    5  65     1    -1
    8  32     1    -1
   15  17     1     0
   18  24     1     0
   19  32     1     2
   24  32     1     3
   26  43     1    -1
   27  37     1    -1
   29  40     1    -1
   30  39     1     0
   31  42     1     1
   36  51     1     2
   36  52     1     3
   37  64     1    -1
   38  60     1    -1
   41  48     1     0
   46  58     1     1
   49  65     1    -1
   50  57     1     0
   55  70     1    -1
   56  69     1     2
   59  62     1     0
   59  71     1     1
   59  73     1     3
   65  68     1     0
End
