NMec = 98513
T = 31
P = 6
Profits ignored
Solution time = 1.767e+00
Maximum possible tasks = 20
Solutions = 15
Task data
    1  47     1    -1
    1  49     1    -1
    2  27     1     0
    3  45     1    -1
    4  32     1     1
    5   9     1     2
    8  16     1     3
    9  19     1     4
    9  35     1    -1
   13  17     1     2
   13  35     1    -1
   14  36     1    -1
   15  35     1    -1
   16  30     1     5
   17  19     1     3
   19  21     1     2
   19  51     1    -1
   21  33     1     3
   22  44     1    -1
   23  27     1     2
   24  40     1     4
   28  48     1    -1
   33  43     1    -1
   33  44     1     0
   33  44     1     1
   34  38     1     2
   34  43     1     3
   35  48     1     5
   40  42     1     2
   41  51     1     4
   44  50     1     2
End
