NMec = 98513
T = 31
P = 7
Profits not ignored
Solution time = 5.805e+00
Viable job selections = 619819542
Best total profit = 39217
Task data
    0  19  3213     0
    2  12  1109    -1
    3  31  2467    -1
    4  12  1511     1
    4  18   902    -1
    5  13  1644     2
    5  13  1857     3
    6  27  1978    -1
    8  11   848     4
    8  17  2325     5
    9  18  2654     6
   10  22   978    -1
   11  25  1918    -1
   12  38  5405     4
   14  18   566     1
   14  25   737    -1
   14  36  4022     2
   15  16   277     3
   16  29  2010    -1
   18  38  3539     3
   18  44  3059     5
   19  23   563     1
   21  26  1251     0
   23  36  1203    -1
   24  44  1887     1
   25  27   357    -1
   25  41  2257     6
   26  29   873    -1
   26  33   823    -1
   29  38  2339     0
   29  42  1474    -1
End
