NMec = 98513
T = 31
P = 1
Profits not ignored
Solution time = 1.563e-02
Viable job selections = 1853280
Best total profit = 35562
Task data
    4  19  2294     0
   37  41   951     0
   39  59  2989    -1
   43  69  6448     0
   44  69  3028    -1
   51  55   581    -1
   52  74  1495    -1
   53  71  1638    -1
   58  72  2289    -1
   64  76  2508    -1
   78  89  1682     0
   91 110  2059     0
  107 113  1464    -1
  118 136  2913     0
  136 150  3502    -1
  142 148  1001     0
  156 167  2681     0
  172 182  1196     0
  181 189  1918    -1
  185 209  4604     0
  198 209  1069    -1
  204 230  3474    -1
  226 236  2862     0
  229 241  2079    -1
  231 248  2717    -1
  235 248  1692    -1
  241 251  1208     0
  249 253   975    -1
  257 284  4631     0
  262 282  1616    -1
  290 299  1032     0
End
