NMec = 98513
T = 31
P = 2
Profits not ignored
Solution time = 4.601e-01
Viable job selections = 59560774
Best total profit = 36968
Task data
    1   7   818     0
    6  22  1937    -1
    7  27  2294     1
   15  22  1709     0
   27  51  1491    -1
   30  44  2428     0
   41  42   170     1
   41  54   864    -1
   43  61  3973     1
   53  67  2037    -1
   57  68  1751    -1
   57  76  1694    -1
   60 150 13210     0
   63  80  1391    -1
   69  71   396    -1
   70  87  4882     1
   76  89  1411    -1
   81 100  2544    -1
   86 104  2308    -1
  104 121  1875    -1
  105 108   842     1
  108 120  2881    -1
  111 132  3395     1
  112 115   553    -1
  117 133  1156    -1
  118 131  2669    -1
  122 132   904    -1
  140 154  3247     1
  141 142   194    -1
  148 154  1330    -1
  150 151   280    -1
End
