NMec = 98513
T = 31
P = 5
Profits not ignored
Solution time = 8.239e-01
Viable job selections = 82443857
Best total profit = 48999
Task data
    0  56  5145    -1
    1  10   820     0
    1  15  2497     1
    2  20  2165    -1
    2  20  2911     2
    3  19  3689     3
    3  60 11483     4
   10  24  1667    -1
   14  25  2844     0
   14  28  1955    -1
   16  32  2466    -1
   16  33  4564    -1
   17  39  2056    -1
   18  43  6463     1
   20  28  2149     3
   20  35  1953    -1
   23  28   685     2
   25  46  1968    -1
   26  48  5595     0
   29  48  2804    -1
   30  53  1588    -1
   31  50  2222    -1
   32  41  1687     2
   32  46  3246     3
   39  55   933    -1
   40  49  1270    -1
   40  61  1403    -1
   44  48   835    -1
   44  60  1309     1
   45  55  1812     2
   48  60  1809     3
End
