NMec = 98513
T = 31
P = 4
Profits not ignored
Solution time = 8.957e-01
Viable job selections = 114671074
Best total profit = 49817
Task data
    0   9  1740     0
    0  76 14854     1
    2  76 10441     2
    5  10   829    -1
    5  16  1159    -1
    5  17  2373    -1
    5  19  3151     3
   11  22  1424    -1
   12  29  3685     0
   13  71  4294    -1
   14  16   329    -1
   17  28  1451    -1
   21  22   213    -1
   22  35  2203     3
   30  55  4390     0
   33  39  1781    -1
   34  70  3500    -1
   36  52  3468    -1
   37  42   987    -1
   37  46  1234    -1
   37  73  6649     3
   40  51  1259    -1
   41  49   903    -1
   45  56  1203    -1
   45  58  1761    -1
   49  64  2191    -1
   50  59  1444    -1
   54  67  1849    -1
   65  76  2704     0
   67  72   882    -1
   67  72   934    -1
End
