NMec = 98513
T = 31
P = 8
Profits not ignored
Solution time = 3.039e+00
Viable job selections = 349992500
Best total profit = 45322
Task data
    0  10  1213     0
    0  16  3378     1
    3  35  5680     2
    4   7   718     3
    4  27  6375     4
    7  18  1325    -1
    7  19  2523     5
    8  13   615     3
    8  19  1753    -1
    8  20  1797     6
    8  29  6007     7
   10  26  1656    -1
   10  32  2062    -1
   11  14   374    -1
   11  22  1848    -1
   11  23  2049     0
   12  17   713    -1
   12  23  1786    -1
   12  23   953    -1
   12  31  2227    -1
   13  31  2566    -1
   16  31  3174     3
   17  30  1383    -1
   18  28  1182    -1
   18  37  2350     1
   19  26   953    -1
   20  32  2983     5
   22  37  2363     6
   23  34  1014    -1
   24  38  2855     0
   29  33  1242     4
End
