NMec = 98513
T = 31
P = 3
Profits ignored
Solution time = 1.010e+00
Maximum possible tasks = 19
Solutions = 2480
Task data
    3  13     1     0
    6  19     1    -1
   10  24     1     1
   13  28     1     2
   17  23     1     0
   21  36     1    -1
   25  32     1     0
   26  42     1    -1
   27  39     1     1
   27  54     1    -1
   28  88     1    -1
   29  51     1     2
   33  41     1     0
   40  67     1    -1
   43  53     1     0
   45  64     1    -1
   49  53     1     1
   52  61     1    -1
   54  59     1    -1
   54  64     1     0
   54  66     1     1
   57  72     1     2
   68  84     1    -1
   74  79     1     0
   77  84     1     1
   77  85     1     2
   79  92     1    -1
   85  97     1    -1
   88 101     1     0
   90  95     1     1
   90  97     1     2
End
