NMec = 98513
T = 32
P = 7
Profits ignored
Solution time = 2.120e+00
Maximum possible tasks = 18
Solutions = 1191
Task data
    1  25     1    -1
    2  12     1     0
    3  10     1     1
    5  22     1    -1
    6  14     1     2
    6  18     1    -1
    6  28     1    -1
    7  18     1     3
    7  23     1    -1
    7  38     1    -1
    7  42     1    -1
    8  27     1    -1
    8  32     1    -1
    9  32     1    -1
   10  27     1    -1
   11  28     1    -1
   12  21     1     1
   13  20     1     0
   13  25     1     4
   14  25     1     5
   15  43     1    -1
   16  20     1     2
   17  34     1    -1
   18  34     1     6
   19  31     1     3
   21  36     1     0
   22  26     1     1
   22  32     1     2
   26  44     1     4
   28  44     1     1
   30  42     1     5
   32  40     1     3
End
