NMec = 98513
T = 32
P = 6
Profits not ignored
Solution time = 9.386e-01
Viable job selections = 88512312
Best total profit = 48601
Task data
    0  52  9828     0
    2  20  3101     1
    2  48  5027    -1
    4  28  2750    -1
    7  14   538    -1
    7  29  5148     2
    8  26  3792     3
    8  43  2159    -1
    9  37  3815    -1
   11  19  1781    -1
   11  26  2754     4
   12  36  4779     5
   13  30  1544    -1
   14  23   999    -1
   15  24  2179    -1
   16  23   736    -1
   17  39  3091    -1
   17  49  5525    -1
   19  22   360    -1
   19  26   990    -1
   19  28  2231    -1
   22  38  1376    -1
   23  30   867    -1
   23  39  2414    -1
   26  42  5101     1
   27  31   865    -1
   27  37  3069     3
   27  49  4369     4
   32  41  1692     2
   37  45  1975     5
   41  49  2141     3
   45  49   852     1
End
