NMec = 98513
T = 32
P = 7
Profits not ignored
Solution time = 2.286e+00
Viable job selections = 219393497
Best total profit = 40493
Task data
    1  25  3525     0
    2  12  1261     1
    3  10  1152     2
    5  22  1513    -1
    6  14  2472     3
    6  18  3103     4
    6  28  2946    -1
    7  18  1222    -1
    7  23  1285    -1
    7  38  2483    -1
    7  42  2236    -1
    8  27  2333    -1
    8  32  2672    -1
    9  32  5358     5
   10  27  4271     6
   11  28  2073    -1
   12  21  1491     2
   13  20  1084     1
   13  25  1668    -1
   14  25  1288    -1
   15  43  2600    -1
   16  20   396    -1
   17  34  2715     3
   18  34  1380    -1
   19  31  1706     4
   21  36  2958     1
   22  26   778     2
   22  32  1335    -1
   26  44  4282     0
   28  44  2629     2
   30  42   944     6
   32  40   764     4
End
