NMec = 98513
T = 32
P = 2
Profits not ignored
Solution time = 3.737e-01
Viable job selections = 39126382
Best total profit = 50711
Task data
    0 159 17964    -1
   10  19  2076     0
   10  22  2106     1
   12  17   491    -1
   12  24  1144    -1
   15  35  2193    -1
   24  46  5761     0
   30  38   826     1
   36  45  1255    -1
   40  49  1234    -1
   43  65  6633     1
   45  56  1996    -1
   49  55  1808     0
   57  66   849    -1
   58  70  2308    -1
   58  78  5026     0
   66 138 14826     1
   71  92  3094    -1
   76  86  2130    -1
   81  89   882    -1
   84  93  1170     0
   87  96   677    -1
   88 106  5042    -1
   94  96   627     0
  103 152  8874     0
  110 118  1990    -1
  110 127  3543    -1
  117 141  2757    -1
  121 123   528    -1
  135 148   772    -1
  143 144   282     1
  148 151   696     1
End
