NMec = 98513
T = 32
P = 3
Profits not ignored
Solution time = 2.002e+00
Viable job selections = 237069232
Best total profit = 32685
Task data
    4  15  1273     0
    5   8   330     1
    7 106 10358     2
   19  28   538    -1
   20  32  1410    -1
   23  32  1554    -1
   26  37  1995     0
   27  28   369    -1
   27  40  1812     1
   39  54  1724     0
   46  58  2131     1
   49  58  1080    -1
   49  59   949    -1
   51  60   914    -1
   57  65  1151     0
   57  69  1014    -1
   59  60   212     1
   60  69   978    -1
   64  82  4719     1
   67  75   613    -1
   68  72  1223    -1
   68  74   738    -1
   69  88  4050     0
   71  78  1735    -1
   79  82   486    -1
   81  90  1791    -1
   82  89  2030    -1
   83  92  1630     1
   84  94  1462    -1
   87  89   814    -1
   89  97   771     0
   97 102   529     1
End
