NMec = 98513
T = 32
P = 5
Profits not ignored
Solution time = 4.005e+00
Viable job selections = 474575052
Best total profit = 45380
Task data
    1  19  2552    -1
    1  22  4903     0
    1  53  8852     1
    2  18  2693     2
    3  13  2578     3
    4  16  1776    -1
    5  15   993    -1
    9  30  3891    -1
   11  12   179     4
   11  18   919    -1
   13  19   791    -1
   13  29  4298     4
   14  18   437    -1
   15  26  1253    -1
   17  34  4380     3
   19  28  1798     2
   19  40  2790    -1
   21  29  1454    -1
   21  31  1559    -1
   23  33  1569    -1
   24  34  2403     0
   25  34  1825    -1
   26  44  1044    -1
   32  44  1633     2
   32  47  1377    -1
   34  40  1597     4
   38  49  1642     0
   39  54  1939     3
   41  55  1396    -1
   42  58  3208     4
   45  62  2434     2
   54  62   843     0
End
