NMec = 98513
T = 32
P = 8
Profits not ignored
Solution time = 2.654e+00
Viable job selections = 324090772
Best total profit = 41747
Task data
    0  34  4747     0
    1   2   334     1
    1  13  1002     2
    2  24  5560     3
    2  33  3340     4
    3  21  1338    -1
    4  21  3800     1
    6  32  6568     5
    7  19  1342    -1
    8  17   923     6
   10  22  1464    -1
   10  28  3200     7
   10  29  2642    -1
   11  18  1025    -1
   11  24  1608    -1
   11  30  2464    -1
   11  31  3163    -1
   13  26  1278    -1
   14  21  1571    -1
   14  27  2026     2
   17  22   390    -1
   17  23   801    -1
   17  24  1500    -1
   18  34  2306    -1
   18  35  1659    -1
   18  38  4130     6
   19  29  1362    -1
   24  30   740    -1
   24  35  1966     1
   26  34  1357     3
   28  36   682     2
   32  39  2112     7
End
