NMec = 98513
T = 32
P = 1
Profits not ignored
Solution time = 3.604e-03
Viable job selections = 228482
Best total profit = 51959
Task data
    0 180 24701    -1
    4  19  1582    -1
    7   9   651     0
   13  24  2685    -1
   13 319 50263    -1
   18 277 49696     0
   19 233 15834    -1
   22  41  5710    -1
   27  39  2751    -1
   28  34   933    -1
   33  44  1880    -1
   54  71  2934    -1
   71  96  2884    -1
   74 239 24488    -1
   80  98  2170    -1
  102 283 21192    -1
  112 128  3858    -1
  113 127  1365    -1
  131 148  4965    -1
  157 161   562    -1
  159 163   887    -1
  159 183  4772    -1
  162 171  1988    -1
  169 186  2754    -1
  185 193   819    -1
  227 281  6674    -1
  237 241   378    -1
  243 269  2883    -1
  264 287  5009    -1
  265 281  3338    -1
  278 293  1612     0
  289 298  1047    -1
End
