NMec = 98513
T = 32
P = 4
Profits not ignored
Solution time = 1.155e+00
Viable job selections = 175569292
Best total profit = 46242
Task data
    2  10   902    -1
    2  62  7247    -1
    2  73  8981     0
    3  14  2140     1
    4  10  1532     2
    4  13  2891     3
    4  23  2364    -1
    4  65  4144    -1
    5  19  2660    -1
    7  25  4635    -1
    8  15  1889    -1
   13  26  4061     2
   14  26  1594    -1
   15  22   817     1
   15  36  1818    -1
   16  25  1860    -1
   18  38  3837     3
   22  40  1621    -1
   24  35  1723     1
   29  40  2768     2
   36  52  4551     1
   40  56  3399     3
   42  56  3007     2
   43  57  2961    -1
   50  68  2394    -1
   53  67  2366     1
   54  61   743    -1
   56  61   541    -1
   58  59   318     2
   61  62   164     2
   63  72  2633     2
   65  73  1054     3
End
