NMec = 98513
T = 33
P = 6
Profits not ignored
Solution time = 2.828e+00
Viable job selections = 329042044
Best total profit = 56901
Task data
    0  24  5848     0
    0  40 10139     1
    0  51  8941     2
    1   5  1040     3
    1  10  2034     4
    2  18  3321    -1
    3  23  3457     5
    7  25  4370     3
    7  25  1149    -1
    7  40  5524    -1
    8  17  1387    -1
    9  21   996    -1
   10  23  3155    -1
   12  19   763    -1
   13  37  5661    -1
   14  18   743    -1
   14  24  2359     4
   16  32  1935    -1
   18  26   979    -1
   19  42  1917    -1
   21  33  1175    -1
   21  42  3803    -1
   23  37  3629    -1
   24  36  1335    -1
   24  44  5459     5
   25  43  3953     0
   25  51  4614     4
   28  35  1249    -1
   29  34   516    -1
   29  46  4136     3
   29  49  3681    -1
   35  47  1948    -1
   51  52   551     0
End
