NMec = 98513
T = 33
P = 1
Profits ignored
Solution time = 1.458e-02
Maximum possible tasks = 14
Solutions = 288
Task data
    8 224     1    -1
   35  50     1    -1
   35  54     1    -1
   48  70     1     0
   59 266     1    -1
   65 192     1    -1
   76  81     1     0
   78  89     1    -1
   85  90     1    -1
   87  93     1     0
  107 119     1     0
  124 129     1     0
  172 182     1     0
  178 191     1    -1
  189 204     1    -1
  189 209     1     0
  191 215     1    -1
  201 215     1    -1
  212 223     1     0
  235 246     1    -1
  243 251     1     0
  252 265     1     0
  262 280     1    -1
  264 278     1    -1
  266 282     1    -1
  267 275     1     0
  287 303     1    -1
  288 301     1    -1
  293 294     1    -1
  293 300     1     0
  301 317     1    -1
  314 320     1     0
  321 328     1     0
End
