NMec = 98513
T = 33
P = 3
Profits ignored
Solution time = 8.112e-01
Maximum possible tasks = 18
Solutions = 26
Task data
    0  18     1     0
    8  17     1     1
    8  25     1    -1
   11  32     1    -1
   12  35     1    -1
   13  29     1    -1
   15  24     1     2
   15  39     1    -1
   16  28     1    -1
   18  29     1     1
   21  48     1    -1
   23  27     1     0
   27  45     1     2
   31  43     1     0
   31  53     1    -1
   37  50     1     1
   37  54     1    -1
   48  64     1    -1
   52  61     1     0
   52  63     1     1
   52  63     1     2
   53  71     1    -1
   58  75     1    -1
   61  81     1    -1
   63  72     1    -1
   65  69     1     0
   66  73     1     1
   70  73     1     0
   71  79     1     2
   71  91     1    -1
   82  99     1     0
   83 101     1     1
   85 101     1     2
End
