NMec = 98513
T = 33
P = 1
Profits not ignored
Solution time = 1.257e-02
Viable job selections = 1334268
Best total profit = 48122
Task data
    8 224 36120     0
   35  50  3153    -1
   35  54  5219    -1
   48  70  2473    -1
   59 266 24458    -1
   65 192 22269    -1
   76  81   920    -1
   78  89  1843    -1
   85  90   508    -1
   87  93   719    -1
  107 119  2951    -1
  124 129   765    -1
  172 182  2537    -1
  178 191  2140    -1
  189 204  1732    -1
  189 209  1273    -1
  191 215  5044    -1
  201 215  1311    -1
  212 223  1138    -1
  235 246  3481     0
  243 251  1547    -1
  252 265  1527    -1
  262 280  1882    -1
  264 278  3137     0
  266 282  1145    -1
  267 275  1470    -1
  287 303  2814     0
  288 301  2301    -1
  293 294   374    -1
  293 300   834    -1
  301 317  3141    -1
  314 320  1917     0
  321 328   653     0
End
