NMec = 98513
T = 33
P = 2
Profits not ignored
Solution time = 4.348e-01
Viable job selections = 48920490
Best total profit = 46246
Task data
    0  38  9756     0
    8  18  2674     1
   11  30  2250    -1
   11  37  3153    -1
   16 161 13653    -1
   21  35  2372     1
   38  48  2576     1
   42  57  3017    -1
   42  72  8347     0
   43  66  3728    -1
   51  57   948    -1
   52  59  1807     1
   54  64  1351    -1
   56  69  1479    -1
   56  79  1949    -1
   67  69   619     1
   75  85   715    -1
   79  84  1036     0
   80  86   967    -1
   82 105  4108     1
   91  97  1517     0
   92  95   897    -1
   94 110  1324    -1
   99 107  1694     0
  101 107   990    -1
  119 138  2478     0
  121 124   762     1
  121 129   615    -1
  124 136  2124    -1
  128 149  4953     1
  132 145  1261    -1
  133 139   944    -1
  139 153  1547     0
End
