NMec = 98513
T = 33
P = 5
Profits not ignored
Solution time = 6.211e+00
Viable job selections = 557835112
Best total profit = 48497
Task data
    0   9   874    -1
    1   7  1027     0
    3  15  2463     1
    5   7   401    -1
    5  15  2140     2
    6  14  1467     3
    6  64 11538     4
    7  27  1323    -1
    9  16   728    -1
    9  55  9303     0
   10  20  1848    -1
   12  32  2119    -1
   13  26  1268    -1
   13  27  2371    -1
   13  30  2045    -1
   16  26  1255     1
   16  40  4849     2
   17  34  3346     3
   24  30  1147    -1
   24  35  2063    -1
   26  32   876    -1
   27  53  5845     1
   33  59  3591    -1
   37  52  2922     3
   39  52  1906    -1
   40  41   323    -1
   42  53   856    -1
   43  64  1897    -1
   44  57  1089    -1
   45  53  1698    -1
   46  55  2168    -1
   47  62  1134    -1
   52  65  2342     2
End
