NMec = 98513
T = 33
P = 7
Profits not ignored
Solution time = 1.509e+01
Viable job selections = 1482521918
Best total profit = 41167
Task data
    0  23  3004     0
    2  10   511     1
    3   6   616     2
    3  22  2279     3
    5  21  1178    -1
    7   9   369     2
    7  16  1639     4
    7  40  4419     5
    9  23  3102     6
    9  29  2449    -1
   11  19  1139     1
   12  28  1664     2
   13  34  3370    -1
   15  25   573    -1
   16  30  2159    -1
   16  33  1424    -1
   19  26  1690     4
   21  25   836    -1
   22  32  1658     1
   22  33  2083    -1
   23  31  1326     3
   23  36  1926    -1
   24  47  3465     0
   25  43  3714     6
   27  36  2123     4
   28  37  1787    -1
   29  34  1174    -1
   29  47  2791     2
   30  35  1183    -1
   31  35   702    -1
   32  40  1433    -1
   32  47  4011     3
   33  46  1647     1
End
