NMec = 98513
T = 33
P = 3
Profits not ignored
Solution time = 9.271e-01
Viable job selections = 100409066
Best total profit = 44629
Task data
    0  18  2716     0
    8  17  2089     1
    8  25  2004    -1
   11  32  1722    -1
   12  35  3656     2
   13  29  3214    -1
   15  24  1417    -1
   15  39  4528    -1
   16  28  2141    -1
   18  29  1637     1
   21  48  2164    -1
   23  27   700    -1
   27  45  4892     0
   31  43  3641     1
   31  53  2134    -1
   37  50  1225    -1
   37  54  2629     2
   48  64  4050     0
   52  61  1840    -1
   52  63  1400    -1
   52  63  2596     1
   53  71  3708    -1
   58  75  3870     2
   61  81  2629    -1
   63  72  1486    -1
   65  69   566     0
   66  73  1936     1
   70  73   819    -1
   71  79  1978     0
   71  91  3176    -1
   82  99  4133     0
   83 101  1985     1
   85 101  2255     2
End
