NMec = 98513
T = 33
P = 5
Profits ignored
Solution time = 6.104e+00
Maximum possible tasks = 18
Solutions = 88326
Task data
    0   9     1    -1
    1   7     1     0
    3  15     1     1
    5   7     1     2
    5  15     1     3
    6  14     1     4
    6  64     1    -1
    7  27     1    -1
    9  16     1     0
    9  55     1    -1
   10  20     1     2
   12  32     1    -1
   13  26     1    -1
   13  27     1    -1
   13  30     1    -1
   16  26     1    -1
   16  40     1     1
   17  34     1     0
   24  30     1     2
   24  35     1     3
   26  32     1     4
   27  53     1    -1
   33  59     1    -1
   37  52     1    -1
   39  52     1    -1
   40  41     1     0
   42  53     1    -1
   43  64     1    -1
   44  57     1     0
   45  53     1     1
   46  55     1     2
   47  62     1     3
   52  65     1     4
End
