NMec = 98513
T = 33
P = 2
Profits ignored
Solution time = 4.115e-01
Maximum possible tasks = 17
Solutions = 2928
Task data
    0  38     1    -1
    8  18     1     0
   11  30     1    -1
   11  37     1     1
   16 161     1    -1
   21  35     1     0
   38  48     1     0
   42  57     1    -1
   42  72     1    -1
   43  66     1    -1
   51  57     1    -1
   52  59     1    -1
   54  64     1     0
   56  69     1    -1
   56  79     1     1
   67  69     1     0
   75  85     1    -1
   79  84     1     0
   80  86     1     1
   82 105     1    -1
   91  97     1     0
   92  95     1     1
   94 110     1    -1
   99 107     1     0
  101 107     1     1
  119 138     1    -1
  121 124     1    -1
  121 129     1     0
  124 136     1     1
  128 149     1    -1
  132 145     1    -1
  133 139     1     0
  139 153     1     1
End
