NMec = 98513
T = 33
P = 8
Profits not ignored
Solution time = 1.462e+01
Viable job selections = 1492312905
Best total profit = 52765
Task data
    0  10   773     0
    1  22  3403     1
    2  12  1378     2
    2  13  2356     3
    3  41  2637    -1
    4  17  1463     4
    5  19  3838     5
    6  41  6195     6
    8  13  1160    -1
    9  30  6420     7
    9  37  3125    -1
   10  28  2204    -1
   10  34  3568    -1
   11  16   752    -1
   11  29  2096    -1
   12  41  5359     0
   14  28  3234     2
   15  24  1359    -1
   18  28  2578     3
   18  38  2139    -1
   20  36  3388     4
   21  30  1230    -1
   23  36  1180    -1
   23  40  3216    -1
   24  36  3484     1
   24  40  4518     5
   25  34   813    -1
   25  35  1683    -1
   26  35  1754    -1
   30  35   565    -1
   31  41  2776     2
   32  41   879     3
   33  39   723     7
End
