NMec = 98513
T = 33
P = 7
Profits ignored
Solution time = 1.304e+01
Maximum possible tasks = 21
Solutions = 1922
Task data
    0  23     1    -1
    2  10     1     0
    3   6     1     1
    3  22     1     2
    5  21     1     3
    7   9     1     1
    7  16     1     4
    7  40     1    -1
    9  23     1    -1
    9  29     1    -1
   11  19     1     0
   12  28     1     1
   13  34     1    -1
   15  25     1     5
   16  30     1     6
   16  33     1    -1
   19  26     1     4
   21  25     1     0
   22  32     1     3
   22  33     1    -1
   23  31     1     2
   23  36     1    -1
   24  47     1    -1
   25  43     1    -1
   27  36     1    -1
   28  37     1    -1
   29  34     1     0
   29  47     1     1
   30  35     1     4
   31  35     1     5
   32  40     1     2
   32  47     1     6
   33  46     1     3
End
