NMec = 98513
T = 34
P = 3
Profits not ignored
Solution time = 1.964e+00
Viable job selections = 166948184
Best total profit = 53225
Task data
    1  28  3408     0
    1 113 22241     1
    2   8  1378     2
   10  99  7525    -1
   13  17   379     2
   15  30  2934    -1
   16  35  2436    -1
   17  26  1511    -1
   17  38  6117    -1
   19  67  7845     2
   22  27   762    -1
   31  53  4102     0
   33  36   586    -1
   38  49  1189    -1
   38  49  1714    -1
   42  96  4853    -1
   51  58  1179    -1
   55  62   709    -1
   56  83  2419     0
   62  74  1968    -1
   65  84  1976    -1
   73  86  2584     2
   81  88   602    -1
   84  91  1271     0
   86  99  1253    -1
   87  95  1221    -1
   87  95  2091    -1
   87 100  3737     2
   88  94  1863    -1
   90  97  1797    -1
   90 107  2275    -1
   93 101  1662    -1
   93 112  3861     0
  100 105   851    -1
End
