NMec = 98513
T = 34
P = 4
Profits ignored
Solution time = 5.635e+00
Maximum possible tasks = 22
Solutions = 884
Task data
    0   6     1     0
    0  83     1    -1
    3   5     1     1
    6  13     1     1
    6  23     1    -1
    7  14     1     0
    8  27     1     2
    8  74     1    -1
   13  36     1    -1
   15  24     1     0
   15  34     1    -1
   18  66     1    -1
   21  28     1     1
   22  26     1     3
   24  34     1    -1
   25  29     1     0
   25  39     1    -1
   25  44     1    -1
   27  44     1     3
   29  38     1     1
   29  40     1     2
   30  34     1     0
   38  45     1     0
   41  48     1     1
   45  51     1     2
   48  69     1    -1
   50  62     1    -1
   51  70     1    -1
   51  73     1     0
   54  69     1     1
   57  71     1     2
   61  72     1     3
   72  82     1     1
   74  79     1     0
End
