NMec = 98513
T = 34
P = 7
Profits ignored
Solution time = 3.972e+01
Maximum possible tasks = 25
Solutions = 120
Task data
    0   5     1     0
    0   9     1     1
    0  15     1    -1
    1  13     1     2
    1  48     1    -1
    2   9     1     3
    2  10     1     4
    2  18     1    -1
    3   7     1     5
    6  11     1     0
    6  16     1    -1
    6  39     1    -1
    7  24     1    -1
    8  18     1     5
    9  19     1     6
   11  17     1     1
   11  18     1     3
   11  20     1     4
   13  47     1    -1
   15  25     1    -1
   15  25     1    -1
   15  32     1     0
   16  23     1     2
   19  30     1     1
   19  39     1     3
   20  41     1     5
   21  45     1     4
   22  39     1     6
   26  35     1     2
   31  37     1     1
   34  48     1     0
   37  42     1     2
   39  45     1     1
   40  46     1     3
End
