NMec = 98513
T = 34
P = 4
Profits not ignored
Solution time = 5.531e+00
Viable job selections = 746648160
Best total profit = 46517
Task data
    0   6  1356     0
    0  83  8741     1
    3   5   456     2
    6  13  1291     2
    6  23  1974     3
    7  14  1371     0
    8  27  2546    -1
    8  74  7433    -1
   13  36  2530    -1
   15  24   968    -1
   15  34  3517    -1
   18  66 12436     0
   21  28  1120    -1
   22  26  1010     2
   24  34   798    -1
   25  29   423    -1
   25  39  3426     3
   25  44  1517    -1
   27  44  2912     2
   29  38  1032    -1
   29  40  1241    -1
   30  34   776    -1
   38  45  1020    -1
   41  48  1172     3
   45  51  1805     2
   48  69  1823    -1
   50  62  1335    -1
   51  70  3149     3
   51  73  2618    -1
   54  69  1841     2
   57  71   990    -1
   61  72   825    -1
   72  82  2445     0
   74  79  1132     2
End
