NMec = 98513
T = 34
P = 7
Profits not ignored
Solution time = 4.250e+01
Viable job selections = 5467319720
Best total profit = 50242
Task data
    0   5   635     0
    0   9  1062     1
    0  15  1377    -1
    1  13  1663     2
    1  48  7109     3
    2   9   794    -1
    2  10  1082     4
    2  18  2060    -1
    3   7   593     5
    6  11  1456     0
    6  16  1405    -1
    6  39  5043    -1
    7  24  4583     6
    8  18  3098     5
    9  19  1027    -1
   11  17   962    -1
   11  18  1552     1
   11  20  1896     4
   13  47  4680     0
   15  25  1953    -1
   15  25  1471    -1
   15  32  2893     2
   16  23   952    -1
   19  30  1307    -1
   19  39  3331     1
   20  41  2641    -1
   21  45  3608     4
   22  39  4233     5
   26  35  2019     6
   31  37   847    -1
   34  48  2497     2
   37  42  1028     6
   39  45   890    -1
   40  46  1224     1
End
