NMec = 98513
T = 34
P = 3
Profits ignored
Solution time = 2.023e+00
Maximum possible tasks = 20
Solutions = 270
Task data
    1  28     1    -1
    1 113     1    -1
    2   8     1     0
   10  99     1    -1
   13  17     1     0
   15  30     1    -1
   16  35     1     1
   17  26     1     2
   17  38     1    -1
   19  67     1    -1
   22  27     1     0
   31  53     1     0
   33  36     1     2
   38  49     1     1
   38  49     1     2
   42  96     1    -1
   51  58     1     1
   55  62     1     0
   56  83     1     2
   62  74     1     1
   65  84     1    -1
   73  86     1     0
   81  88     1     1
   84  91     1     2
   86  99     1    -1
   87  95     1    -1
   87  95     1    -1
   87 100     1    -1
   88  94     1    -1
   90  97     1     0
   90 107     1    -1
   93 101     1     1
   93 112     1     2
  100 105     1     0
End
