NMec = 98513
T = 34
P = 6
Profits not ignored
Solution time = 1.240e+01
Viable job selections = 1007183662
Best total profit = 45204
Task data
    0  53  9031     0
    0  55  9172     1
    4   8   628     2
    4   9  1168     3
    4  56  4793    -1
    5  24  1952     4
    8  16   898    -1
    8  41  2885     5
   11  24  1105    -1
   13  24  2320     2
   13  32  2460    -1
   14  27  1811     3
   17  25   945    -1
   19  33  1955    -1
   22  40  1693    -1
   23  25   388    -1
   24  35  1528    -1
   27  32  1553     2
   27  49  2525    -1
   28  32  1152     3
   29  44  3413    -1
   30  35  1088     4
   30  44  3024    -1
   34  46  3194     2
   35  47  2085    -1
   36  47  3390     3
   37  49  1721    -1
   37  51  1946    -1
   37  52  2372    -1
   37  55  2149    -1
   38  49  3043     4
   40  44   917    -1
   42  53  2520    -1
   44  55  2817     5
End
