NMec = 98513
T = 34
P = 8
Profits not ignored
Solution time = 2.851e+01
Viable job selections = 2964722308
Best total profit = 43404
Task data
    0  21  2469     0
    1  13  1733     1
    3  38  4056    -1
    4  14  1124     2
    4  24  1652    -1
    4  36  6778     3
    5  10   864     4
    6  23  2559    -1
    7  24  4006     5
    8  33  3610    -1
    9  11   568     6
    9  18  1829    -1
    9  29  4283     7
   11  20  1546    -1
   11  26  1833    -1
   12  24  2418     4
   12  34  2569    -1
   13  40  4651     6
   14  17   769     1
   15  22   958     2
   15  31  2262    -1
   17  32  2092    -1
   18  35  1700    -1
   19  35  2427     1
   22  28  1624     0
   23  34  2219     2
   25  29   554    -1
   25  38  1028    -1
   26  37   843    -1
   28  38  1150    -1
   28  39  1632     4
   28  41  2873     5
   29  42  1397     0
   33  35   611     7
End
