NMec = 98513
T = 34
P = 6
Profits ignored
Solution time = 1.063e+01
Maximum possible tasks = 18
Solutions = 352407
Task data
    0  53     1    -1
    0  55     1    -1
    4   8     1     0
    4   9     1     1
    4  56     1    -1
    5  24     1    -1
    8  16     1     2
    8  41     1    -1
   11  24     1    -1
   13  24     1    -1
   13  32     1    -1
   14  27     1     0
   17  25     1     1
   19  33     1     2
   22  40     1     3
   23  25     1     4
   24  35     1     5
   27  32     1     1
   27  49     1    -1
   28  32     1     0
   29  44     1    -1
   30  35     1     4
   30  44     1    -1
   34  46     1    -1
   35  47     1    -1
   36  47     1    -1
   37  49     1    -1
   37  51     1    -1
   37  52     1     0
   37  55     1     1
   38  49     1     2
   40  44     1     4
   42  53     1     3
   44  55     1     5
End
