NMec = 98513
T = 34
P = 8
Profits ignored
Solution time = 2.747e+01
Maximum possible tasks = 22
Solutions = 455
Task data
    0  21     1    -1
    1  13     1     0
    3  38     1    -1
    4  14     1     1
    4  24     1    -1
    4  36     1    -1
    5  10     1     2
    6  23     1     3
    7  24     1     4
    8  33     1    -1
    9  11     1     5
    9  18     1     6
    9  29     1    -1
   11  20     1     2
   11  26     1     7
   12  24     1     5
   12  34     1    -1
   13  40     1    -1
   14  17     1     0
   15  22     1     1
   15  31     1    -1
   17  32     1    -1
   18  35     1    -1
   19  35     1    -1
   22  28     1     0
   23  34     1     1
   25  29     1     2
   25  38     1     3
   26  37     1     4
   28  38     1     5
   28  39     1     6
   28  41     1     7
   29  42     1     0
   33  35     1     2
End
