NMec = 98513
T = 34
P = 5
Profits ignored
Solution time = 9.209e+00
Maximum possible tasks = 20
Solutions = 14800
Task data
    1  67     1    -1
    3  18     1    -1
    4  20     1    -1
    6  11     1     0
    7  21     1    -1
    7  23     1     1
    8  17     1     2
    8  21     1     3
   10  28     1    -1
   12  44     1    -1
   13  21     1     0
   15  17     1     4
   17  28     1    -1
   21  33     1    -1
   22  38     1    -1
   22  58     1    -1
   23  32     1    -1
   24  33     1     0
   25  31     1     1
   26  37     1     2
   26  45     1    -1
   26  48     1     3
   28  40     1     4
   36  57     1    -1
   38  51     1     0
   39  51     1     1
   39  52     1     2
   45  58     1    -1
   45  58     1     4
   51  64     1     3
   54  56     1     0
   54  61     1     1
   55  65     1     2
   57  65     1     0
End
