NMec = 98513
T = 34
P = 1
Profits not ignored
Solution time = 9.638e-02
Viable job selections = 15552000
Best total profit = 33271
Task data
    9  23  2295    -1
   14  22  2349     0
   30  39  1764     0
   37  47   740    -1
   39  51  1782    -1
   44  50   441     0
   54  61   631     0
   74 100  2585     0
   80  99  1944    -1
   85  90  1414    -1
   89  93   355    -1
  104 118  1952     0
  133 141  1105     0
  135 139   747    -1
  149 157   647     0
  158 175  4509     0
  160 176  3974    -1
  167 172   678    -1
  169 185  1535    -1
  188 209  4420    -1
  194 216  5578     0
  200 209  1068    -1
  207 213  1010    -1
  207 216  2649    -1
  220 236  3401     0
  240 252  2009    -1
  240 257  3462     0
  251 262  1328    -1
  256 262  1202    -1
  271 275   580     0
  282 293  2836    -1
  286 291  1322     0
  293 308  2433     0
  332 336   512     0
End
