NMec = 98513
T = 34
P = 2
Profits not ignored
Solution time = 9.470e-01
Viable job selections = 147765121
Best total profit = 60266
Task data
    5  15  2300     0
    5  29  3205    -1
    8 145 31358     1
   12  22  1750    -1
   15  24  1617    -1
   20  29  2011     0
   31  44  1446     0
   33 169 16409    -1
   36  54  2032    -1
   38  46  1259    -1
   45  67  2993    -1
   47  54  1769     0
   55  65  1112    -1
   61  69  1362     0
   74  83  1580     0
   74  85  1113    -1
   75  84   714    -1
   76  82  1311    -1
   87  99  1082    -1
   87 113  7307     0
   94 111  1926    -1
   95 105  1767    -1
  102 123  2591    -1
  104 132  5789    -1
  105 155  5746    -1
  115 125  1116     0
  119 135  4664    -1
  128 152  6180     0
  134 149  1318    -1
  135 151  1899    -1
  138 146  1012    -1
  153 162  2360     0
  158 159   209     1
  160 168  1268     1
End
