NMec = 98513
T = 35
P = 8
Profits not ignored
Solution time = 3.683e+01
Viable job selections = 4353075982
Best total profit = 49825
Task data
    0  42  4093    -1
    1   2   158     0
    1  10  1043     1
    2  12   628     2
    2  23  6140     3
    3  12   946     0
    3  21  2035    -1
    5  19  3414     4
    6  26  3856     5
    7  24  3047     6
    7  25  2031    -1
    8  26  3353     7
   10  19  1604    -1
   11  21  1873    -1
   11  30  2378    -1
   11  37  4725     1
   13  39  5871     0
   14  27  3048     2
   15  18   793    -1
   15  30  2491    -1
   15  43  2763    -1
   16  36  2560    -1
   17  35  2395    -1
   19  32  1279    -1
   19  36  3025    -1
   21  28  1753     4
   21  38  1931    -1
   23  39  2096    -1
   25  35  2214     3
   26  40  2607     6
   27  36   986     5
   27  39  3099     7
   29  31   369     2
   31  39  1648     4
   33  39   920     2
End
