NMec = 98513
T = 35
P = 1
Profits not ignored
Solution time = 8.795e-02
Viable job selections = 8629216
Best total profit = 73772
Task data
    2   3   334     0
    6 202 23501    -1
   18 271 29995    -1
   19  25   852     0
   31 268 42377    -1
   34 317 69781     0
   39  46   801    -1
   62  69   939    -1
   77  83  1304    -1
   90  98  1160    -1
  103 109  1377    -1
  104 119  2647    -1
  107 116  1448    -1
  124 136  3439    -1
  149 171  2876    -1
  160 175  1373    -1
  182 197  2387    -1
  185 201  3062    -1
  199 221  2732    -1
  201 215  3532    -1
  203 214  3150    -1
  210 218   819    -1
  225 240  2685    -1
  256 269  2224    -1
  263 264   264    -1
  275 293  2024    -1
  279 290  1997    -1
  279 303  5930    -1
  282 285   767    -1
  285 294   823    -1
  308 318  1696    -1
  315 327  2849    -1
  329 342  1633    -1
  335 348  1176    -1
  339 348  2805     0
End
