NMec = 98513
T = 35
P = 4
Profits not ignored
Solution time = 2.067e+01
Viable job selections = 2898478564
Best total profit = 47328
Task data
    1  23  5450     0
    3  21  5647     1
    6  20  1617    -1
    7  13   832     2
    8  11   422    -1
    9  21  1707    -1
   10  14   717    -1
   11  26  3455     3
   13  21  1694    -1
   13  24  1304    -1
   15  37  4037     2
   22  43  4760     1
   27  37  1174    -1
   30  37  1041    -1
   31  47  2615     0
   34  42  1206     3
   34  58  2472    -1
   37  44   741    -1
   40  59  2903     2
   40  61  2412    -1
   43  65  2567     3
   44  53  2029     1
   44  58  1567    -1
   45  54  1227    -1
   46  47   419    -1
   49  53  1062     0
   51  62  1569    -1
   54  68  1927     0
   57  60   760    -1
   58  73  3088     1
   65  74  1080    -1
   66  74  1236     2
   66  84  3986     3
   68  70   698    -1
   74  82   528     0
End
