NMec = 98513
T = 35
P = 2
Profits not ignored
Solution time = 1.663e-01
Viable job selections = 15523213
Best total profit = 64809
Task data
    6  46  6952     0
   12  42  3304     1
   15  17   596    -1
   21 170 25496    -1
   30 165 11174    -1
   31  41  1331    -1
   32  46  1877    -1
   35  38   529    -1
   41  49   658    -1
   47 132 23773     0
   52 141 12955    -1
   63  73  1515    -1
   63  79  2885     1
   69  73   634    -1
   73  91  1373    -1
   80  96  1381    -1
   81 153 17434     1
   83 104  2817    -1
   86 106  2690    -1
   87 105  2290    -1
   88  91   422    -1
   89 130  3646    -1
  104 110   650    -1
  111 119   884    -1
  119 124   510    -1
  130 134   317    -1
  137 144   992     0
  144 155  1041    -1
  145 172  1955    -1
  146 169  5295     0
  148 160  1456    -1
  150 162  2875    -1
  155 166  1682    -1
  158 173  4174     1
  159 168  2024    -1
End
