NMec = 98513
T = 35
P = 5
Profits not ignored
Solution time = 2.032e+01
Viable job selections = 2425631016
Best total profit = 45438
Task data
    1  12  1430     0
    2   6  1396     1
    6  27  4385     2
    7  22  3380     1
    8  25  3059     3
    9  26  1537     4
   16  23  1767     0
   18  27  1366    -1
   20  28   950    -1
   22  30  1134    -1
   22  49  2926    -1
   24  44  3043     0
   27  41  1936     1
   29  39  2380     2
   29  41  1693    -1
   30  40  1403    -1
   33  48  3303    -1
   33  55  4434     3
   34  48  3510     4
   38  47  2023    -1
   39  43   395    -1
   39  51  1914    -1
   40  53  2587    -1
   40  56  3388     2
   42  50  1390     1
   44  62  1457    -1
   45  67  2931     0
   46  62  2156    -1
   46  62  1527    -1
   49  55   402    -1
   49  62  1392     4
   52  55   661    -1
   52  57   535    -1
   53  68  3452     1
   56  66   628     3
End
