NMec = 98513
T = 35
P = 3
Profits not ignored
Solution time = 1.167e+00
Viable job selections = 146596590
Best total profit = 61498
Task data
    2  10   966    -1
    2  25  5386     0
    3   7   783     1
    3  97 22245     2
    4  35  3365    -1
    6  15  1437    -1
    8  23  3852     1
   11  27  3109    -1
   12  93 11176    -1
   14  28  2557    -1
   16  28  1579    -1
   16  29  1595    -1
   26  85 11954    -1
   29  49  1725    -1
   30 101 13774     0
   31  39  1684     1
   33  36  1187    -1
   33  36   244    -1
   37  44  1159    -1
   39  60  3351    -1
   39  61  2977    -1
   41  62  4049    -1
   42  57  3614    -1
   43  66  3503    -1
   44 106 12179     1
   46  54   997    -1
   46  55  1324    -1
   66  81  3961    -1
   72  97  1651    -1
   77  99  5932    -1
   78 102  5161    -1
   81  84   519    -1
   85  96  1563    -1
   92  98  1116    -1
   99 106  1595     2
End
