NMec = 98513
T = 35
P = 6
Profits not ignored
Solution time = 1.866e+01
Viable job selections = 2223374440
Best total profit = 46514
Task data
    0  55  6607    -1
    1  15  1394     0
    2  24  2301     1
    2  57  7378     2
    6  49  5918    -1
    7  12   646     3
    7  28  2153    -1
    7  51  9126     4
   12  31  2444    -1
   13  19  1708     3
   14  18   333    -1
   14  21  1453    -1
   14  34  3674     5
   19  46  3528     0
   21  43  1421    -1
   21  50  4068    -1
   23  36  3103     3
   23  42  2845    -1
   24  34  2159    -1
   26  33  1371     1
   26  34  1222    -1
   26  35   798    -1
   28  55  2466    -1
   33  42   808    -1
   36  48  2211    -1
   38  40   234     1
   38  49  2760     3
   40  54  3159     5
   41  47  1155     1
   41  50  1167    -1
   45  58   837    -1
   46  51   737    -1
   47  57  2075     0
   48  54  1864     1
   51  56  1038     3
End
