NMec = 98513
T = 35
P = 7
Profits ignored
Solution time = 3.628e+01
Maximum possible tasks = 21
Solutions = 103702
Task data
    0  20     1    -1
    1   8     1     0
    1  28     1    -1
    2  18     1    -1
    3  15     1    -1
    4  17     1     1
    4  21     1    -1
    5   9     1     2
    6  20     1    -1
    7  15     1     3
    9  25     1    -1
   10  18     1     0
   10  18     1     2
   10  34     1    -1
   12  26     1    -1
   13  23     1     4
   13  32     1     5
   15  22     1     6
   15  35     1    -1
   16  32     1     3
   18  30     1     1
   20  28     1     0
   21  28     1     2
   22  40     1    -1
   24  38     1    -1
   27  35     1    -1
   27  40     1    -1
   28  37     1     4
   28  45     1     6
   29  42     1     0
   33  46     1     1
   34  48     1     2
   34  49     1     3
   35  49     1     5
   42  46     1     4
End
