NMec = 98513
T = 35
P = 7
Profits not ignored
Solution time = 4.400e+01
Viable job selections = 5913180234
Best total profit = 49276
Task data
    0  20  4455     0
    1   8  1535     1
    1  28  4613     2
    2  18  1605    -1
    3  15  1827     3
    4  17  2187     4
    4  21  1854    -1
    5   9   624     5
    6  20  2301     6
    7  15  1097    -1
    9  25  4325     1
   10  18  1666    -1
   10  18  1879    -1
   10  34  3124    -1
   12  26  1858    -1
   13  23  1308    -1
   13  32  4994     5
   15  22  1241    -1
   15  35  2104    -1
   16  32  2167     3
   18  30  2290     4
   20  28   760    -1
   21  28   906     0
   22  40  3211     6
   24  38  2091    -1
   27  35  1612    -1
   27  40  2481     1
   28  37   806    -1
   28  45  2297    -1
   29  42  1623     0
   33  46  1992     2
   34  48  2113     3
   34  49  2236     4
   35  49  2723     5
   42  46   673     1
End
