NMec = 98513
T = 36
P = 1
Profits not ignored
Solution time = 5.547e-02
Viable job selections = 5792016
Best total profit = 52966
Task data
    2  12   794     0
   24  36  1147     0
   35 296 29261    -1
   49  56  1068    -1
   52  72  2394     0
   73 340 46958     0
   80  96  2707    -1
   86 266 35599    -1
   94  98   516    -1
   98 255 23377    -1
  104 119  3078    -1
  104 121  2383    -1
  127 130   328    -1
  129 137  1353    -1
  133 143  1307    -1
  134 157  4109    -1
  147 151   707    -1
  148 159  1293    -1
  158 259 17257    -1
  166 186  5396    -1
  181 194  1597    -1
  184 196  2099    -1
  185 206  2853    -1
  206 215  2020    -1
  206 219  1799    -1
  238 244  1329    -1
  240 253  1745    -1
  250 256   777    -1
  263 278  1936    -1
  264 272  1749    -1
  269 275  1315    -1
  299 306  1333    -1
  300 312  2239    -1
  301 318  1470    -1
  335 346  2080    -1
  343 358  1673     0
End
