NMec = 98513
T = 36
P = 7
Profits ignored
Solution time = 5.539e+01
Maximum possible tasks = 24
Solutions = 1532
Task data
    0  49     1    -1
    1   6     1     0
    1  23     1    -1
    1  48     1    -1
    2   9     1     1
    2  41     1    -1
    3   5     1     2
    4  23     1    -1
    5  22     1     3
    8  12     1     0
   10  15     1     1
   11  27     1     2
   12  19     1     4
   13  22     1     0
   13  22     1     5
   16  32     1    -1
   16  39     1    -1
   17  20     1     1
   18  34     1    -1
   19  32     1     6
   19  35     1    -1
   20  40     1    -1
   21  25     1     1
   22  44     1    -1
   23  43     1    -1
   23  44     1     0
   24  25     1     3
   27  41     1     1
   27  44     1     3
   28  39     1     2
   30  40     1     4
   31  33     1     5
   34  46     1     5
   34  50     1     6
   43  47     1     1
   47  51     1     0
End
