NMec = 98513
T = 36
P = 3
Profits not ignored
Solution time = 7.400e+00
Viable job selections = 864582316
Best total profit = 47300
Task data
    3  21  4550     0
    3  22  2638    -1
    4  10   656     1
   10  90 10467     2
   11  32  2312     1
   15  23   860    -1
   19  45  2383    -1
   24  31  1044     0
   32  56  3024    -1
   33  39  1365     0
   37  47  2164     1
   42  44   561    -1
   44  53  1467     0
   48  57   930     1
   51 112  6023    -1
   54  67  3025     0
   60  67  1018    -1
   62  69   565    -1
   63  73  2137     1
   64  83  2069    -1
   73  90  2614    -1
   78  89  1894    -1
   79  83  1201     0
   79  98  5862     1
   79 102  1843    -1
   80  89  2478    -1
   81  99  3588    -1
   86 102  1839    -1
   89 100  1648    -1
   89 110  5072     0
   90 101  2424    -1
   92  97   767    -1
   93 104  2830    -1
   97 112  2851     2
  102 106   558    -1
  104 117  2197     1
End
