NMec = 98513
T = 36
P = 8
Profits not ignored
Solution time = 1.348e+02
Viable job selections = 19121595632
Best total profit = 46187
Task data
    0   3  1101     0
    0  28  2602    -1
    1  18  1880     1
    1  42  3432    -1
    2   5   353     2
    2  33  4600     3
    3  10  1423     4
    4  16   954    -1
    5  15  1508     0
    6  16  1778     2
    6  18  1702     5
    7   9   538     6
    8  15   944    -1
    8  17  1072    -1
    9  41  7376     7
   10  21  2698     6
   12  17  1248     4
   14  30  2277    -1
   15  26  2123    -1
   16  20   751     0
   18  39  2677     2
   19  28  1091    -1
   20  28  2229     1
   22  25   427     0
   22  35  2268    -1
   22  35  4100     4
   22  35  2901     5
   24  39  2387     6
   25  34  1466    -1
   25  35  1862    -1
   25  36  1520    -1
   25  43  1523    -1
   26  36  2043     0
   29  37  1369     1
   33  39   784    -1
   40  44  1098     0
End
