NMec = 98513
T = 36
P = 6
Profits ignored
Solution time = 2.635e+01
Maximum possible tasks = 22
Solutions = 1132
Task data
    0  11     1     0
    0  12     1     1
    1   9     1     2
    1  59     1    -1
    5  24     1    -1
    5  29     1    -1
    8  26     1    -1
    9  18     1     3
   11  22     1     2
   12  22     1     0
   13  23     1     1
   15  38     1    -1
   15  38     1    -1
   16  26     1     4
   17  30     1     5
   17  33     1    -1
   17  34     1    -1
   19  33     1    -1
   21  34     1    -1
   21  36     1    -1
   21  39     1    -1
   26  44     1     0
   28  38     1     1
   29  40     1     2
   29  54     1    -1
   30  42     1     3
   30  53     1    -1
   32  39     1     4
   32  43     1     5
   39  46     1     1
   45  56     1     0
   45  56     1     2
   46  56     1     3
   48  59     1     1
   48  59     1     4
   52  58     1     5
End
