NMec = 98513
T = 36
P = 6
Profits not ignored
Solution time = 3.243e+01
Viable job selections = 4087932888
Best total profit = 58935
Task data
    0  11   798     0
    0  12  1701     1
    1   9   687    -1
    1  59 14796     2
    5  24  3572     3
    5  29  4348     4
    8  26  4664     5
    9  18   653    -1
   11  22  1052    -1
   12  22  1706    -1
   13  23  2770     0
   15  38  2609    -1
   15  38  4060    -1
   16  26  2024    -1
   17  30  2689     1
   17  33  4315    -1
   17  34  1990    -1
   19  33  1765    -1
   21  34  2316    -1
   21  36  1737    -1
   21  39  3075    -1
   26  44  2128    -1
   28  38  1756     0
   29  40   950    -1
   29  54  4264     3
   30  42  2199     4
   30  53  3968     5
   32  39   681    -1
   32  43  3412     1
   39  46   569     0
   45  56  2723     1
   45  56  1254    -1
   46  56  1836    -1
   48  59  2318     0
   48  59  2388     4
   52  58  1101    -1
End
