NMec = 98513
T = 36
P = 2
Profits not ignored
Solution time = 1.604e+00
Viable job selections = 201386860
Best total profit = 52641
Task data
    6 165 22525     0
   12  16  1152     1
   14  28  3013    -1
   17  35  3174    -1
   18  38  3055    -1
   20 122 14849    -1
   23  43  5288     1
   27  32   884    -1
   30  43  1822    -1
   44 176 21449     1
   48  57  2351    -1
   51  76  5128    -1
   57  65  1159    -1
   64  85  3195    -1
   65  72  1001    -1
   71  76   630    -1
   79  89  1299    -1
   79  93  3630    -1
   87 100  1473    -1
   89  95   893    -1
  110 116   434    -1
  113 120  1350    -1
  116 133  1620    -1
  118 137  1783    -1
  122 128  1044    -1
  129 149  2788    -1
  130 141  3162    -1
  133 147  2441    -1
  136 142   766    -1
  136 149   791    -1
  141 146   935    -1
  149 168  2735    -1
  154 157   265    -1
  157 172  1287    -1
  159 161   316    -1
  167 176  2227     0
End
