NMec = 98513
T = 36
P = 4
Profits not ignored
Solution time = 1.234e+01
Viable job selections = 1123172166
Best total profit = 52139
Task data
    1  20  3716     0
    4  21  3185     1
    6  32  3106     2
    7  17  1082     3
   10  22  2464    -1
   12  24  2304    -1
   15  17   445    -1
   16  41  4869    -1
   20  38  4519     3
   21  25   955     0
   22  38   952    -1
   26  37  1085    -1
   27  81  7036    -1
   29  87 12096     0
   30  47  3968     1
   30  47  3014    -1
   31  36   881    -1
   34  53  2687     2
   35  42  1323    -1
   39  61  5521     3
   47  50   313    -1
   51  68  2541     1
   53  84  3652    -1
   57  72  4301    -1
   57  78  2383    -1
   58  61   881    -1
   59  62   398    -1
   61  69  2121    -1
   61  85  4562     2
   62  83  2409     3
   65  73  2268    -1
   67  81  1333    -1
   69  84  1792     1
   69  86  1070    -1
   70  73   512    -1
   72  77   903    -1
End
