NMec = 98513
T = 36
P = 5
Profits not ignored
Solution time = 1.838e+01
Viable job selections = 1768635365
Best total profit = 53531
Task data
    1  62  5825    -1
    2   3   545     0
    2   3   220     1
    2  17  2656     2
    2  42  8710     3
    2  70 11474     4
    6   9   820     0
    8  27  1466    -1
   11  29  2969    -1
   11  34  4108     0
   12  17   608    -1
   13  31  2383    -1
   16  37  3931     1
   19  26  1550    -1
   19  29  1838    -1
   19  67  4535    -1
   26  47  5085     2
   26  60  4748    -1
   28  36  1248    -1
   31  43  1179    -1
   32  40   838    -1
   33  60  2603    -1
   36  61  3383     0
   39  58  5268     1
   43  53  1801    -1
   44  62  1811    -1
   45  66  3754     3
   45  67  2306    -1
   46  61  1556    -1
   49  51   653    -1
   50  56   837    -1
   51  56  1477     2
   51  64  1075    -1
   56  59   789    -1
   57  65  2100     2
   57  66  1006    -1
End
