NMec = 98513
T = 36
P = 4
Profits ignored
Solution time = 1.023e+01
Maximum possible tasks = 18
Solutions = 222327
Task data
    1  20     1    -1
    4  21     1    -1
    6  32     1    -1
    7  17     1     0
   10  22     1     1
   12  24     1     2
   15  17     1     3
   16  41     1    -1
   20  38     1    -1
   21  25     1     0
   22  38     1    -1
   26  37     1    -1
   27  81     1    -1
   29  87     1    -1
   30  47     1    -1
   30  47     1     0
   31  36     1     1
   34  53     1     2
   35  42     1     3
   39  61     1    -1
   47  50     1     1
   51  68     1     0
   53  84     1    -1
   57  72     1    -1
   57  78     1    -1
   58  61     1     1
   59  62     1     2
   61  69     1     3
   61  85     1    -1
   62  83     1    -1
   65  73     1    -1
   67  81     1    -1
   69  84     1     0
   69  86     1     1
   70  73     1     2
   72  77     1     3
End
