NMec = 98513
T = 37
P = 7
Profits not ignored
Solution time = 3.304e+01
Viable job selections = 4369063592
Best total profit = 57113
Task data
    0  29  2390    -1
    1  14  1814     0
    1  36  4768    -1
    2  12  1235     1
    2  15  4108     2
    2  24  4028     3
    3  12  1110    -1
    4  33  2911    -1
    5  16  1579    -1
    5  44  6436     4
    6  34  4340    -1
    7  26  2034    -1
    7  33  2150    -1
    7  45  3849    -1
    8  44  9878     5
    9  20  2142    -1
    9  22  2152     6
    9  29  2404    -1
   13  17  1263     1
   13  33  3666    -1
   16  37  6525     0
   17  36  5322     2
   18  33  1974    -1
   20  35  2557    -1
   21  52  4578     1
   23  49  4117     6
   24  39  1214    -1
   27  37  1018    -1
   27  44  2409    -1
   30  41  2312    -1
   31  40  1189    -1
   33  41   899    -1
   33  52  3275     3
   36  37   338    -1
   38  47  1216     0
   38  48  1166     2
   41  49   753    -1
End
