NMec = 98513
T = 37
P = 6
Profits not ignored
Solution time = 9.944e+01
Viable job selections = 10278286584
Best total profit = 48066
Task data
    0   8   866     0
    2  48  5701     1
    6  19  2234     2
    6  31  4332     3
    7  53  3586    -1
    8  36  6858     4
   13  15   488     0
   13  17   526     5
   16  24   766     0
   19  37  1997    -1
   19  38  1434    -1
   20  26   549    -1
   20  29  2367     2
   26  31   705    -1
   26  33   666    -1
   26  39  3345     0
   26  49  3706     5
   27  46  1597    -1
   30  51  2137    -1
   31  38   662     2
   33  37   930     3
   33  50  1644    -1
   37  46  1962    -1
   37  59  4596     4
   38  48  1354    -1
   38  58  2358     3
   39  52  2285     2
   40  45   594    -1
   43  44   367    -1
   43  52   754    -1
   43  61  2967     0
   44  53  1445    -1
   45  58  1571    -1
   46  52   454    -1
   48  51   285    -1
   50  57  1032     1
   50  58  2047     5
End
