NMec = 98513
T = 37
P = 6
Profits ignored
Solution time = 8.045e+01
Maximum possible tasks = 24
Solutions = 150
Task data
    0   8     1     0
    2  48     1    -1
    6  19     1     1
    6  31     1    -1
    7  53     1    -1
    8  36     1    -1
   13  15     1     0
   13  17     1     2
   16  24     1     0
   19  37     1    -1
   19  38     1     2
   20  26     1     1
   20  29     1     3
   26  31     1     0
   26  33     1     4
   26  39     1     5
   26  49     1    -1
   27  46     1     1
   30  51     1    -1
   31  38     1     3
   33  37     1     0
   33  50     1    -1
   37  46     1     4
   37  59     1    -1
   38  48     1     0
   38  58     1    -1
   39  52     1    -1
   40  45     1     2
   43  44     1     3
   43  52     1    -1
   43  61     1    -1
   44  53     1     5
   45  58     1     3
   46  52     1     2
   48  51     1     1
   50  57     1     0
   50  58     1     4
End
