NMec = 98513
T = 37
P = 3
Profits not ignored
Solution time = 9.282e+00
Viable job selections = 1112273856
Best total profit = 57707
Task data
    1   3   323     0
    1  13  1455     1
    1  16  3095     2
    4   9  1135     0
    5  84  7866    -1
    7  95  7714    -1
   10  28  1642    -1
   13  31  5075     0
   14 112 13040     1
   19  24   685     2
   25  45  3206     2
   26  37  1488    -1
   26  53  2755    -1
   31  43  1686    -1
   33  44  1853    -1
   33  46  2461    -1
   34  50  2646    -1
   35  41  1548    -1
   35  49  3058     0
   41  52  1435    -1
   49  58  1539    -1
   50  65  1685    -1
   52  79  5074     0
   58  79  2175    -1
   58 116 15820     2
   64  71  1090    -1
   64  76  1387    -1
   65  78   971    -1
   78  96  1485    -1
   86  89   266     0
   90  96  1371     0
   92  97  1012    -1
   97 111  4104     0
   98 109  1070    -1
  104 112  2297    -1
  106 119  1933    -1
  107 123  2025    -1
End
