NMec = 98513
T = 37
P = 1
Profits not ignored
Solution time = 1.759e-01
Viable job selections = 27095041
Best total profit = 43385
Task data
    2 336 32117    -1
    7  18  2689     0
   10  26  1662    -1
   15  85  7025    -1
   20  42  4041     0
   36  53  3999    -1
   38  45  1388    -1
   54  59   620     0
   62  75  1523     0
   74  97  2188    -1
   89 100  2693     0
  105 122  2871     0
  107 118  1444    -1
  111 116  1377    -1
  113 124   847    -1
  138 153  2662     0
  152 165  1148    -1
  164 181  2356     0
  168 179  1742    -1
  168 186  4325    -1
  176 189  3828    -1
  180 192  2595    -1
  183 201  2726     0
  183 206  4127    -1
  200 209   873    -1
  204 210  1794     0
  216 220   680    -1
  218 219   483    -1
  218 231  3426     0
  232 236  1424     0
  235 241   841    -1
  258 263   862     0
  265 284  4790     0
  288 299  3216     0
  312 319   589     0
  325 348  3089    -1
  326 351  5103     0
End
