NMec = 98513
T = 37
P = 4
Profits not ignored
Solution time = 1.544e+01
Viable job selections = 2371345608
Best total profit = 62324
Task data
    1  16  2956     0
    1  21  3288     1
    2  79 21108     2
   12  33  2710    -1
   13  24  3322     3
   17  78  7376    -1
   20  32  1685     0
   23  34  1127    -1
   23  47  4162     1
   25  38  3913     3
   26  34  1700    -1
   27  45  2964    -1
   33  49  2814     0
   35  56  2042    -1
   36  46   805    -1
   37  51  1665    -1
   39  49  1060    -1
   41  54  2241    -1
   41  60  3864     3
   42  46   556    -1
   42  54  1298    -1
   43  52   912    -1
   45  53   770    -1
   47  62  1371    -1
   51  55   700     0
   51  76  2808    -1
   54  63   764    -1
   54  68  1922     1
   55  58   642    -1
   56  68  3272     0
   59  76  1681    -1
   62  70   951     3
   70  84  2420     0
   71  76  1234     1
   76  88  2352     3
   77  78   275     1
   80  92  2086     1
End
