NMec = 98513
T = 37
P = 5
Profits ignored
Solution time = 6.348e+01
Maximum possible tasks = 23
Solutions = 2600
Task data
    0  71     1    -1
    1  43     1    -1
    2   8     1     0
    8  13     1    -1
    8  13     1     1
   10  70     1    -1
   11  19     1    -1
   11  23     1    -1
   12  13     1     0
   12  18     1     2
   13  16     1     3
   13  26     1     4
   14  17     1     0
   15  18     1     1
   19  42     1     0
   19  46     1    -1
   23  32     1     1
   25  35     1     2
   25  38     1     3
   27  32     1     4
   31  43     1    -1
   31  50     1    -1
   32  58     1    -1
   38  47     1    -1
   38  50     1     1
   41  44     1     2
   41  58     1     3
   42  49     1     4
   43  49     1     0
   44  61     1    -1
   46  62     1    -1
   49  63     1    -1
   52  60     1     0
   54  59     1     1
   54  72     1     2
   55  69     1     4
   59  62     1     3
End
