NMec = 98513
T = 37
P = 2
Profits not ignored
Solution time = 3.483e+00
Viable job selections = 510613572
Best total profit = 80013
Task data
    2 183 45926     0
    4   8   583    -1
    7  32  5853     1
    8  20  2289    -1
    9 172 21358    -1
   16  27  1680    -1
   21  37  3313    -1
   22  43  1281    -1
   26  34  1498    -1
   35  36   132    -1
   36  46  1995    -1
   36 147 23365     1
   39  61  2396    -1
   40  53  2303    -1
   44  53  1087    -1
   51  68  2108    -1
   52  65  1810    -1
   65  75  1653    -1
   67  81  1771    -1
   73  98  3874    -1
   74 125  7450    -1
   75  80   454    -1
   78  82   447    -1
   85 101  2004    -1
   99 116  3222    -1
  106 123  2100    -1
  106 124  2999    -1
  114 115   388    -1
  126 127   247    -1
  134 136   528    -1
  134 138   941    -1
  142 156  1642    -1
  143 145   524    -1
  144 156  2368    -1
  154 157   502     1
  164 180  3812    -1
  168 184  4367     1
End
