NMec = 98513
T = 37
P = 8
Profits ignored
Solution time = 1.688e+02
Maximum possible tasks = 24
Solutions = 2460
Task data
    1  17     1     0
    1  19     1     1
    1  45     1    -1
    4  21     1    -1
    5  11     1     2
    5  29     1    -1
    5  43     1    -1
    6  23     1    -1
    6  35     1    -1
    7  24     1     3
    8  26     1     4
    8  32     1    -1
    9  10     1     5
    9  29     1     6
   10  15     1     7
   13  26     1     2
   14  25     1     5
   17  21     1     7
   17  32     1    -1
   18  27     1     0
   19  45     1    -1
   21  26     1     1
   21  37     1    -1
   22  43     1    -1
   23  35     1    -1
   26  36     1    -1
   27  35     1     1
   27  41     1     2
   30  32     1     0
   30  40     1     3
   31  33     1     4
   31  33     1     5
   31  40     1     6
   31  44     1     7
   36  46     1     0
   37  45     1     1
   39  41     1     4
End
