NMec = 98513
T = 37
P = 8
Profits not ignored
Solution time = 2.047e+02
Viable job selections = 24239111890
Best total profit = 55614
Task data
    1  17  2423     0
    1  19  1863     1
    1  45  5463     2
    4  21  1994    -1
    5  11  1304     3
    5  29  4808     4
    5  43  9066     5
    6  23  2789     6
    6  35  5651     7
    7  24  2018    -1
    8  26  3049    -1
    8  32  4231    -1
    9  10   558    -1
    9  29  3276    -1
   10  15  1244    -1
   13  26  2889     3
   14  25  1432    -1
   17  21   867    -1
   17  32  1394    -1
   18  27  1702    -1
   19  45  3843     0
   21  26   754    -1
   21  37  4754     1
   22  43  2547    -1
   23  35  1122    -1
   26  36  2890     6
   27  35  1901     3
   27  41  1598    -1
   30  32   814    -1
   30  40  1520    -1
   31  33   288    -1
   31  33   674    -1
   31  40   698    -1
   31  44  2349     4
   36  46  1157     3
   37  45  1627     6
   39  41   837     1
End
