NMec = 98513
T = 38
P = 4
Profits not ignored
Solution time = 1.439e+01
Viable job selections = 1569127536
Best total profit = 52273
Task data
    0   6   415    -1
    0  13  1984     0
    1  12  1918     1
    1  16  2220     2
    5  28  3369     3
   10  17  1102    -1
   10  87  8668    -1
   13  23  2459     1
   16  25  1497    -1
   16  90 13214     0
   17  37  4820     2
   19  31  2458    -1
   21  29  1335    -1
   22  35  3336    -1
   23  41  2721    -1
   24  36  1948    -1
   24  48  2323    -1
   26  38  2382    -1
   26  53  3061    -1
   28  48  3622     1
   29  38  1102    -1
   30  40  1122    -1
   30  53  3911     3
   31  41   952    -1
   35  52  1825    -1
   51  57  1516     1
   58  78  5615     1
   63  78  1180    -1
   66  77  1528    -1
   69  76   931    -1
   70  77   590    -1
   70  83  1887    -1
   71  86  2031    -1
   72  77   784    -1
   72  83  3106     2
   72  86  2480     3
   74  76   457    -1
   81  88  2039     1
End
