NMec = 98513
T = 38
P = 8
Profits ignored
Solution time = 2.202e+02
Maximum possible tasks = 24
Solutions = 1422
Task data
    0  14     1    -1
    0  16     1    -1
    0  23     1    -1
    1  11     1     0
    1  14     1     1
    1  20     1    -1
    2  14     1     2
    2  17     1     3
    3  11     1     4
    4  12     1     5
    5  32     1    -1
    6  18     1     6
    9  26     1    -1
   10  25     1     7
   10  28     1    -1
   10  29     1    -1
   10  32     1    -1
   12  21     1     0
   12  35     1    -1
   13  22     1     4
   13  23     1     5
   16  26     1     1
   16  29     1    -1
   17  24     1     2
   17  40     1    -1
   17  41     1    -1
   19  29     1    -1
   20  42     1     3
   21  34     1     6
   22  31     1     0
   24  30     1     4
   24  40     1     5
   27  37     1     1
   27  39     1     2
   28  42     1     7
   32  44     1     0
   34  38     1     4
   35  45     1     6
End
