NMec = 98513
T = 38
P = 2
Profits not ignored
Solution time = 8.372e-01
Viable job selections = 86358945
Best total profit = 67340
Task data
    2  15  1625     0
    3 174 16312    -1
    5 182 25017     1
   22 189 40698     0
   29  55  4394    -1
   31  36  1092    -1
   35 159 12618    -1
   38  49  2353    -1
   43  47   829    -1
   45  65  2850    -1
   51  61   860    -1
   52  95  9679    -1
   62  77  2415    -1
   66  78  2443    -1
   69  79  1122    -1
   72  88  3875    -1
   76  82  1486    -1
   81  84   720    -1
   83  93  1716    -1
   86 100  1762    -1
   93 112  3669    -1
  102 111  2346    -1
  105 122  1403    -1
  107 123  4718    -1
  108 121  1518    -1
  110 137  2725    -1
  114 135  2159    -1
  117 126   956    -1
  117 128  1238    -1
  140 156  3800    -1
  141 154  1413    -1
  142 150   739    -1
  147 159  1738    -1
  147 169  4480    -1
  151 168  2625    -1
  152 166  1322    -1
  159 175  2283    -1
  165 171   870    -1
End
