NMec = 98513
T = 38
P = 3
Profits not ignored
Solution time = 9.538e+00
Viable job selections = 1237417559
Best total profit = 48391
Task data
    2  12   991     0
    6  17   957    -1
    6  20  3746     1
    6  20  1745    -1
    7  12  1432     2
    8  19  1524    -1
    8  28  1949    -1
    9  10   417    -1
   10  13   980    -1
   10  94  7461    -1
   13  22  1768     0
   15  19   828    -1
   16  29  2753     2
   16  37  2375    -1
   17  34  1977    -1
   18  69  2871    -1
   22  32  1723     1
   24  45  4206     0
   34  44  1301     1
   40  49  1688     2
   42  53  1185    -1
   44  52   976    -1
   45  53  1004    -1
   45  56  2431     1
   47  55  1357    -1
   48  71  2690     0
   50  65  2631     2
   51  67  1185    -1
   68  82  1581     1
   72 124 10024     0
   79  81   370    -1
   81 104  5300     2
   96 103  1509    -1
   97 109  2088     1
  100 115  1207    -1
  101 108  1195    -1
  111 124   859     1
  113 120  1179     2
End
