NMec = 98513
T = 38
P = 5
Profits not ignored
Solution time = 2.109e+02
Viable job selections = 28755877868
Best total profit = 55311
Task data
    0   4   865     0
    3  15  3530     1
    6  20  2905     0
    7  23  3516     2
    8   9   219     3
   10  25  3951     3
   11  62  4966    -1
   12  24  1228    -1
   12  50  4789     4
   13  19   679    -1
   15  26  1801    -1
   16  21   667    -1
   17  26  2018     1
   19  33  1330    -1
   22  36  2383     0
   23  26   359    -1
   27  37  2598     1
   28  39  2375     2
   28  48  2097    -1
   32  51  2721    -1
   33  55  5107     3
   34  41   807    -1
   38  44  1030    -1
   38  51  1901    -1
   39  59  4468     0
   39  67  3997     1
   41  50  1242    -1
   43  54  2281     2
   46  54   885    -1
   48  55  1622    -1
   48  65  2511    -1
   51  55   896    -1
   52  69  3670     4
   55  59   458     2
   60  71  2064     0
   63  74  2381     2
   64  66   540    -1
   65  72  1736     3
End
