NMec = 98513
T = 38
P = 7
Profits not ignored
Solution time = 4.238e+02
Viable job selections = 40042334466
Best total profit = 58541
Task data
    2  21  3869     0
    2  51  6859     1
    2  53 10163     2
    3  16  1640     3
    5  12  1350     4
    6  32  5424     5
    8  11   510    -1
    8  38  5384    -1
    9  26  4196     6
   15  21   836    -1
   15  27  2470    -1
   16  27  3035     4
   16  33  4030    -1
   17  21  1240    -1
   17  26  1679    -1
   17  34  2272    -1
   17  41  2909    -1
   18  24  1385     3
   22  34  3081     0
   22  41  2686    -1
   23  46  2485    -1
   25  35  2540     3
   27  36  1757     6
   27  37   690    -1
   28  38  1478     4
   28  41  1022    -1
   29  48  1648    -1
   30  43  1485    -1
   32  36   455    -1
   37  49  1522     0
   38  42   674     3
   39  44   711     4
   39  54  4276     5
   40  50  1664     6
   43  52  1702     3
   44  54  1044    -1
   45  53   984    -1
   47  54  1215     4
End
