NMec = 98513
T = 38
P = 7
Profits ignored
Solution time = 2.707e+02
Maximum possible tasks = 26
Solutions = 297
Task data
    2  21     1    -1
    2  51     1    -1
    2  53     1    -1
    3  16     1     0
    5  12     1     1
    6  32     1    -1
    8  11     1     2
    8  38     1    -1
    9  26     1     3
   15  21     1     1
   15  27     1     2
   16  27     1     4
   16  33     1    -1
   17  21     1     0
   17  26     1     5
   17  34     1    -1
   17  41     1    -1
   18  24     1     6
   22  34     1    -1
   22  41     1    -1
   23  46     1    -1
   25  35     1     0
   27  36     1     1
   27  37     1     3
   28  38     1     2
   28  41     1     4
   29  48     1    -1
   30  43     1     5
   32  36     1     6
   37  49     1     0
   38  42     1     1
   39  44     1     2
   39  54     1     3
   40  50     1     6
   43  52     1     1
   44  54     1     4
   45  53     1     2
   47  54     1     5
End
