NMec = 98513
T = 38
P = 1
Profits not ignored
Solution time = 2.730e-01
Viable job selections = 38175163
Best total profit = 64148
Task data
    1  10  1071    -1
    1  15  2523     0
    9  23  1445    -1
   16  33  3054     0
   18  38  2548    -1
   25  35  1259    -1
   27 169 28507    -1
   38 318 58571     0
   51  52   412    -1
   53  63  2209    -1
   55  71  4758    -1
   55 344 48703    -1
   63  72  1024    -1
   70  80  1837    -1
   76  86  1276    -1
   82  88   808    -1
   86 104  2288    -1
   89  95  1150    -1
  102 106   776    -1
  107 115  1348    -1
  114 119  1203    -1
  120 137  2963    -1
  126 139  2813    -1
  130 145  1775    -1
  147 164  3056    -1
  149 170  2232    -1
  187 332 24298    -1
  189 198  2265    -1
  190 203  2746    -1
  221 236  1544    -1
  222 231  2557    -1
  240 247  1519    -1
  247 253  1149    -1
  252 262  1431    -1
  270 278  1151    -1
  272 281  2851    -1
  284 297  2159    -1
  308 322  1276    -1
End
