NMec = 98513
T = 38
P = 6
Profits not ignored
Solution time = 6.828e+01
Viable job selections = 9986231502
Best total profit = 66200
Task data
    0   8  1144     0
    0  60 12093     1
    1  55 10938     2
    2   9   767     3
    3   4   143     4
    4  21  1296     5
    5  18  1277    -1
    5  54  7809    -1
    6  19  2727     4
    7  13   794    -1
    7  31  3306    -1
    7  63  3867    -1
    9  15  1023     0
    9  28  2694    -1
   10  34  6684     3
   11  14   396    -1
   11  26  2519    -1
   11  38  3935    -1
   15  26   785    -1
   16  30  3246    -1
   16  62  8588     0
   17  28  3281    -1
   17  34  1744    -1
   19  33  1079    -1
   20  28  1023    -1
   22  40  4524     4
   25  42  3031    -1
   25  51  6457     5
   28  41  2292    -1
   35  47  1550    -1
   38  51  3606    -1
   38  56  4673     3
   41  46   636    -1
   42  57  3232     4
   45  52  1372    -1
   52  62  1431     5
   54  63   761    -1
   57  59   480     2
End
