NMec = 98513
T = 38
P = 5
Profits ignored
Solution time = 1.738e+02
Maximum possible tasks = 26
Solutions = 1562
Task data
    0   4     1     0
    3  15     1     1
    6  20     1    -1
    7  23     1    -1
    8   9     1     0
   10  25     1    -1
   11  62     1    -1
   12  24     1    -1
   12  50     1    -1
   13  19     1     0
   15  26     1     2
   16  21     1     1
   17  26     1     3
   19  33     1     4
   22  36     1     0
   23  26     1     1
   27  37     1     1
   28  39     1     2
   28  48     1    -1
   32  51     1    -1
   33  55     1    -1
   34  41     1     3
   38  44     1     0
   38  51     1     1
   39  59     1    -1
   39  67     1    -1
   41  50     1     2
   43  54     1     3
   46  54     1     0
   48  55     1     4
   48  65     1    -1
   51  55     1     2
   52  69     1     1
   55  59     1     0
   60  71     1     0
   63  74     1     2
   64  66     1     3
   65  72     1     4
End
