NMec = 98513
T = 38
P = 8
Profits not ignored
Solution time = 3.465e+02
Viable job selections = 32282077075
Best total profit = 59220
Task data
    0  14  2190     0
    0  16  1841    -1
    0  23  4899     1
    1  11  2037     2
    1  14  2940     3
    1  20  3033     4
    2  14  1586    -1
    2  17  2310     5
    3  11  2122     6
    4  12  1285    -1
    5  32  5265     7
    6  18   922    -1
    9  26  1056    -1
   10  25  2247    -1
   10  28  2617    -1
   10  29  2041    -1
   10  32  2564    -1
   12  21  1108    -1
   12  35  4786     2
   13  22  1323    -1
   13  23  2240     6
   16  26  1101    -1
   16  29  2339    -1
   17  24   536    -1
   17  40  6268     0
   17  41  2384    -1
   19  29  2414     3
   20  42  3605     5
   21  34  2710     4
   22  31  1848    -1
   24  30  1102    -1
   24  40  3441     1
   27  37  1913    -1
   27  39  1089    -1
   28  42  4267     6
   32  44  2918     3
   34  38   554     7
   35  45  1221     4
End
