NMec = 98513
T = 39
P = 5
Profits not ignored
Solution time = 1.667e+02
Viable job selections = 14768681004
Best total profit = 62983
Task data
    2   4   380     0
    2  70 14145     1
    3  24  4913     2
    6  14  1525     0
    7  26  3088    -1
    8  65 10157     3
    9  23  2250    -1
   10  19  1389     4
   11  26  1829    -1
   15  28  2661     0
   16  41  4413    -1
   17  25  1627    -1
   19  24   734    -1
   19  26  1349    -1
   19  38  1858    -1
   19  39  3376    -1
   22  34  2166    -1
   22  47  5247     4
   26  52  2398    -1
   27  43  2223    -1
   31  69 10139     0
   32  38  1336    -1
   33  43  2976     2
   40  68  3040    -1
   41  47   679    -1
   43  55  1268    -1
   45  51  1237    -1
   46  55  1558    -1
   46  69  4856     2
   47  56  1116    -1
   48  64  3049     4
   51  69  2728    -1
   55  69  1733    -1
   57  72  1944    -1
   61  73  1646    -1
   61  76  2744    -1
   63  70   625    -1
   65  71  1108     4
   72  74   438     0
End
