NMec = 98513
T = 39
P = 3
Profits not ignored
Solution time = 4.700e+00
Viable job selections = 421429168
Best total profit = 47648
Task data
    2  12  2615     0
    2 125 12954    -1
    6  16  1999     1
    7  96 13434     2
   12  29  3424    -1
   13  30  1666    -1
   14  35  3829     0
   15  25  1532    -1
   19  28  2719    -1
   20 121 11534    -1
   20 123 11883     1
   22  34  2223    -1
   24  34  2700    -1
   24  41  2662    -1
   24  42  3160    -1
   25  42  2670    -1
   28  43  1543    -1
   30  42  2095    -1
   35  60  4652    -1
   37  59  3280    -1
   38  50  2106    -1
   40  54  3089     0
   42  56  1911    -1
   42  61  2154    -1
   55  72  3783     0
   61  67   910    -1
   62  81  2658    -1
   63  73  1509    -1
   66  72   537    -1
   67  75  1494    -1
   67  76  2095    -1
   98 104   834     0
  103 122  4493     2
  106 108   265     0
  106 119  1284    -1
  107 126  1454    -1
  113 119   847    -1
  113 128  1424     0
  118 123   693    -1
End
