NMec = 98513
T = 39
P = 1
Profits not ignored
Solution time = 1.103e-01
Viable job selections = 17412431
Best total profit = 67215
Task data
    0  25  5107    -1
    0 389 67215     0
    5 275 51085    -1
    9  25  2404    -1
   10  31  5018    -1
   17 370 23709    -1
   20 169 26513    -1
   23 383 32046    -1
   33 193 32127    -1
   46  66  4466    -1
   65  73   964    -1
   68  87  3915    -1
   71  77  1114    -1
   97 107  1337    -1
  115 127  2553    -1
  129 137   965    -1
  131 143   924    -1
  137 139   834    -1
  143 148   559    -1
  157 169  2833    -1
  169 176   954    -1
  189 203  2733    -1
  194 212  2493    -1
  195 219  2529    -1
  205 212  1883    -1
  213 236  5242    -1
  219 232  3765    -1
  220 240  1995    -1
  222 233  1619    -1
  241 256  1548    -1
  243 254  1475    -1
  270 280  1429    -1
  290 295   512    -1
  302 304   450    -1
  303 312  1187    -1
  306 330  6797    -1
  321 329   905    -1
  323 331  2283    -1
  369 376  1814    -1
End
