NMec = 98513
T = 39
P = 7
Profits not ignored
Solution time = 4.314e+02
Viable job selections = 28831094650
Best total profit = 51440
Task data
    1   7  1327     0
    3  21  3154     1
    4  17  2598     2
    4  27  1360    -1
    6  11  1149     3
    7  10   739     4
    7  21  1434    -1
    8  47  3300    -1
    9  37  2729    -1
   12  21  2581     0
   12  24  1085    -1
   13  22  1783    -1
   13  46  7658     3
   15  32  3431    -1
   15  52  6205     4
   16  31  2855     5
   18  27  2071     2
   19  34  3513     6
   21  39  1569    -1
   23  50  2468    -1
   24  32  1445    -1
   26  33  2149     0
   26  44  4490     1
   26  48  1345    -1
   27  33   510    -1
   29  42  1520    -1
   29  43   932    -1
   31  40  1554     2
   32  42  1480    -1
   32  42  2330     5
   33  45  1009    -1
   35  50  2633     0
   36  55  1579    -1
   37  45  1559    -1
   37  50  1101    -1
   38  46  1152    -1
   39  48  2236     6
   41  45   535    -1
   41  54  2198     2
End
