NMec = 98513
T = 39
P = 8
Profits not ignored
Solution time = 4.400e+02
Viable job selections = 35882517934
Best total profit = 60973
Task data
    2  44  8931     0
    3  47  6926     1
    5  12   865     2
    5  19  2191     3
    6  21  3219     4
    8  20  3193     5
    8  46 10183     6
    9  21   934    -1
   10  19  2057     7
   10  22  1213    -1
   10  23  1974    -1
   11  18   987    -1
   15  20   543    -1
   15  29  3007     2
   16  20   705    -1
   16  34  2555    -1
   17  45  4376    -1
   18  28  1806    -1
   18  33  3928    -1
   19  26   924    -1
   20  28  1493     3
   20  32  2795     7
   20  36  1371    -1
   21  28  1630     5
   23  35  1797    -1
   23  37  3677     4
   24  32   852    -1
   24  32  1936    -1
   24  41  2700    -1
   25  31   676    -1
   25  34  2750    -1
   27  34   995    -1
   28  37   817    -1
   29  39  1069    -1
   30  39  2432     2
   30  47  3178     3
   31  41  2459     5
   39  47  1023     4
   39  48  1714     7
End
