NMec = 98513
T = 39
P = 7
Profits ignored
Solution time = 2.591e+02
Maximum possible tasks = 22
Solutions = 215482
Task data
    1   7     1     0
    3  21     1    -1
    4  17     1     1
    4  27     1    -1
    6  11     1     2
    7  10     1     3
    7  21     1    -1
    8  47     1    -1
    9  37     1    -1
   12  21     1     0
   12  24     1     2
   13  22     1     3
   13  46     1    -1
   15  32     1    -1
   15  52     1    -1
   16  31     1     4
   18  27     1     1
   19  34     1     5
   21  39     1     6
   23  50     1    -1
   24  32     1     0
   26  33     1     2
   26  44     1    -1
   26  48     1    -1
   27  33     1     3
   29  42     1    -1
   29  43     1    -1
   31  40     1     1
   32  42     1    -1
   32  42     1    -1
   33  45     1    -1
   35  50     1    -1
   36  55     1     0
   37  45     1     2
   37  50     1     3
   38  46     1     4
   39  48     1     5
   41  45     1     1
   41  54     1     6
End
