NMec = 98513
T = 39
P = 8
Profits ignored
Solution time = 2.312e+02
Maximum possible tasks = 22
Solutions = 243223
Task data
    2  44     1    -1
    3  47     1    -1
    5  12     1     0
    5  19     1    -1
    6  21     1    -1
    8  20     1    -1
    8  46     1    -1
    9  21     1    -1
   10  19     1     1
   10  22     1     2
   10  23     1     3
   11  18     1     4
   15  20     1     0
   15  29     1     5
   16  20     1     6
   16  34     1    -1
   17  45     1    -1
   18  28     1     7
   18  33     1    -1
   19  26     1     4
   20  28     1     1
   20  32     1    -1
   20  36     1    -1
   21  28     1     0
   23  35     1    -1
   23  37     1    -1
   24  32     1    -1
   24  32     1    -1
   24  41     1    -1
   25  31     1     2
   25  34     1     3
   27  34     1     4
   28  37     1     6
   29  39     1     0
   30  39     1     1
   30  47     1     5
   31  41     1     7
   39  47     1     2
   39  48     1     3
End
