NMec = 98513
T = 39
P = 4
Profits ignored
Solution time = 6.881e+01
Maximum possible tasks = 24
Solutions = 6750
Task data
    0   2     1     0
    0  16     1    -1
    2  17     1    -1
    3  12     1     0
    3  21     1    -1
    3  79     1    -1
    5  95     1    -1
    6  19     1     1
    9  71     1    -1
   11  26     1    -1
   13  21     1     0
   14  21     1     2
   14  27     1     3
   18  78     1    -1
   20  33     1     1
   23  32     1     0
   24  35     1     2
   27  45     1    -1
   30  47     1    -1
   32  47     1     3
   33  56     1    -1
   34  52     1    -1
   36  37     1     0
   38  48     1     0
   39  43     1     1
   41  51     1     2
   45  56     1    -1
   48  59     1     1
   48  62     1     3
   56  64     1     0
   56  75     1    -1
   56  77     1     2
   60  67     1     1
   69  77     1     0
   71  82     1    -1
   71  90     1     1
   75  84     1     3
   78  87     1     0
   81  82     1     2
End
