NMec = 98513
T = 39
P = 4
Profits not ignored
Solution time = 1.097e+02
Viable job selections = 12419473404
Best total profit = 62946
Task data
    0   2   334     0
    0  16  1470    -1
    2  17  2707    -1
    3  12  2345     0
    3  21  3478    -1
    3  79  6006    -1
    5  95 19801     1
    6  19  1480    -1
    9  71 12548     2
   11  26  3991     3
   13  21   619    -1
   14  21  1002    -1
   14  27  2193     0
   18  78  8526    -1
   20  33  1407    -1
   23  32   929    -1
   24  35  1682    -1
   27  45  1694    -1
   30  47  3616     0
   32  47  4271     3
   33  56  2324    -1
   34  52  1943    -1
   36  37   199    -1
   38  48  1887    -1
   39  43   628    -1
   41  51  1982    -1
   45  56  1235    -1
   48  59  1847     0
   48  62  2486    -1
   56  64  1369    -1
   56  75  3843     3
   56  77  2331    -1
   60  67  1015     0
   69  77  1210    -1
   71  82  1230    -1
   71  90  2940     0
   75  84  1894     2
   78  87  2308     3
   81  82   261    -1
End
