NMec = 98513
T = 39
P = 2
Profits not ignored
Solution time = 1.693e+00
Viable job selections = 155755129
Best total profit = 71394
Task data
    0 191 16739    -1
    0 194 43401     0
    1   9  2119     1
    1 186 19499    -1
    6 139 19635    -1
    8  14  1426    -1
    9  24  1326    -1
   11  24  2427    -1
   20 190 18492    -1
   21  28  1027    -1
   24  51  6695     1
   44 192 19235    -1
   46  72  3625    -1
   49  55   648    -1
   51  77  4409    -1
   55  62  1113     1
   62  78  1487    -1
   75  79   903     1
   82 105  4669     1
   86 101  2488    -1
   98 107   563    -1
  101 114  2399    -1
  102 114  2576    -1
  107 118  1977     1
  117 175  7524    -1
  126 139  2178    -1
  127 136  1293    -1
  130 151  5901     1
  132 137  1200    -1
  132 145  1870    -1
  149 164  4060    -1
  157 160   748    -1
  158 169  1202    -1
  160 167  1243     1
  163 165   333    -1
  165 171   865    -1
  169 188  2091    -1
  171 191  3373     1
  185 189  1298    -1
End
