NMec = 98513
T = 39
P = 6
Profits not ignored
Solution time = 4.572e+02
Viable job selections = 37009029722
Best total profit = 53464
Task data
    0   4   727     0
    0  21  2746    -1
    1  22  4473     1
    2  31  5088     2
    3  26  3927     3
    3  51  6053     4
    3  59  7434     5
    7  15  1485     0
   10  33  3091    -1
   12  38  2464    -1
   13  36  2674    -1
   16  33  1725    -1
   18  28  2120     0
   19  24  1278    -1
   23  31   921    -1
   24  41  4182     1
   27  42  2309     3
   31  64  2210    -1
   32  57  4721     0
   33  43  1195    -1
   34  39  1257    -1
   35  44   790    -1
   35  47   932    -1
   36  41   628    -1
   37  45  1273    -1
   37  49  1404     2
   38  41   407    -1
   38  57  2511    -1
   39  63  2774    -1
   41  50  1054    -1
   42  51  1045    -1
   43  53  1684     1
   47  57  1361    -1
   49  59  1953    -1
   49  59  2112     3
   50  63  2037     2
   56  64  1661     1
   57  60   506    -1
   57  64  2047     4
End
