01 01 816
02 01 1422
02 02 3474
03 01 3927
03 02 5792
03 03 7055
04 01 4571
04 02 9170
04 03 3762
04 04 8250
05 01 4313
05 02 8448
05 03 9291
05 04 8912
05 05 16929
06 01 7122
06 02 5215
06 03 8363
06 04 9392
06 05 10743
06 06 14864
07 01 8234
07 02 7893
07 03 8845
07 04 12770
07 05 13042
07 06 12202
07 07 9661
08 01 9777
08 02 6848
08 03 11306
08 04 11880
08 05 14823
08 06 14772
08 07 23188
08 08 17762
09 01 11448
09 02 9140
09 03 10979
09 04 15145
09 05 12917
09 06 19948
09 07 16953
09 08 21446
10 01 11588
10 02 15232
10 03 11381
10 04 12101
10 05 14087
10 06 20286
10 07 14894
10 08 19224
11 01 12476
11 02 12762
11 03 17055
11 04 12898
11 05 17506
11 06 21166
11 07 18818
11 08 22963
12 01 11447
12 02 20499
12 03 14713
12 04 12683
12 05 13164
12 06 21080
12 07 22636
12 08 19318
13 01 13458
13 02 14291
13 03 12696
13 04 18318
13 05 17105
13 06 18512
13 07 27206
13 08 28732
14 01 18072
14 02 21044
14 03 19172
14 04 13279
14 05 17823
14 06 20273
14 07 28416
14 08 25957
15 01 21465
15 02 19274
15 03 18539
15 04 23746
15 05 18444
15 06 22073
15 07 26064
15 08 24077
16 01 16483
16 02 20239
16 03 19047
16 04 18330
16 05 21543
16 06 23281
16 07 19303
16 08 24273
17 01 20015
17 02 20235
17 03 25765
17 04 21072
17 05 17915
17 06 22919
17 07 23435
17 08 29221
18 01 22975
18 02 26463
18 03 22297
18 04 26161
18 05 19784
18 06 23495
18 07 25303
18 08 26191
19 01 30468
19 02 33728
19 03 21797
19 04 20293
19 05 21087
19 06 23754
19 07 24757
19 08 30443
20 01 27150
20 02 28705
20 03 23862
20 04 23435
20 05 28269
20 06 20551
20 07 27370
20 08 31554
21 01 23360
21 02 37860
21 03 32083
21 04 29278
21 05 31568
21 06 26081
21 07 26224
21 08 32434
22 01 26190
22 02 36391
22 03 26629
22 04 23593
22 05 24136
22 06 24955
22 07 24921
22 08 35322
23 01 18703
23 02 27439
23 03 25131
23 04 33363
23 05 38275
23 06 27712
23 07 29875
23 08 26117
24 01 22525
24 02 27141
24 03 40886
24 04 26992
24 05 26672
24 06 32449
24 07 40086
24 08 30024
25 01 24209
25 02 27514
25 03 28975
25 04 33521
25 05 33193
25 06 35999
25 07 32215
25 08 30718
26 01 50678
26 02 43008
26 03 25145
26 04 33085
26 05 37605
26 06 36375
26 07 37242
26 08 40761
27 01 33794
27 02 41613
27 03 35594
27 04 36677
27 05 48139
27 06 39303
27 07 35131
27 08 35052
28 01 26807
28 02 33651
28 03 45686
28 04 41980
28 05 40005
28 06 43558
28 07 35062
28 08 38929
29 01 30932
29 02 52711
29 03 47607
29 04 44057
29 05 42768
29 06 41166
29 07 50201
29 08 35017
30 01 52558
30 02 44092
30 03 40464
30 04 34075
30 05 53225
30 06 41354
30 07 43581
30 08 41039
31 01 35562
31 02 36968
31 03 42373
31 04 49817
31 05 48999
31 06 59065
31 07 39217
31 08 45322
32 01 51959
32 02 50711
32 03 32685
32 04 46242
32 05 45380
32 06 48601
32 07 40493
32 08 41747
33 01 48122
33 02 46246
33 03 44629
33 04 57141
33 05 48497
33 06 56901
33 07 41167
33 08 52765
34 01 33271
34 02 60266
34 03 53225
34 04 46517
34 05 48119
34 06 45204
34 07 50242
34 08 43404
35 01 73772
35 02 64809
35 03 61498
35 04 47328
35 05 45438
35 06 46514
35 07 49276
35 08 49825
36 01 52966
36 02 52641
36 03 47300
36 04 52139
36 05 53531
36 06 58935
36 07 57547
36 08 46187
37 01 43385
37 02 80013
37 03 57707
37 04 62324
37 05 52543
37 06 48066
37 07 57113
37 08 55614
38 01 64148
38 02 67340
38 03 48391
38 04 52273
38 05 55311
38 06 66200
38 07 58541
38 08 59220
39 01 67215
39 02 71394
39 03 47648
39 04 62946
39 05 62983
39 06 53464
39 07 51440
39 08 60973
