01 01 1
02 01 1
02 02 2
03 01 2
03 02 2
03 03 3
04 01 3
04 02 2
04 03 4
04 04 4
05 01 3
05 02 3
05 03 4
05 04 4
05 05 5
06 01 3
06 02 3
06 03 4
06 04 4
06 05 6
06 06 6
07 01 3
07 02 3
07 03 4
07 04 6
07 05 5
07 06 7
07 07 7
08 01 4
08 02 4
08 03 4
08 04 5
08 05 6
08 06 7
08 07 8
08 08 8
09 01 3
09 02 4
09 03 4
09 04 7
09 05 8
09 06 7
09 07 8
09 08 9
10 01 4
10 02 4
10 03 4
10 04 6
10 05 8
10 06 9
10 07 9
10 08 10
11 01 6
11 02 6
11 03 7
11 04 8
11 05 8
11 06 9
11 07 10
11 08 9
12 01 6
12 02 4
12 03 7
12 04 6
12 05 8
12 06 10
12 07 10
12 08 12
13 01 6
13 02 7
13 03 7
13 04 5
13 05 8
13 06 10
13 07 8
13 08 12
14 01 6
14 02 6
14 03 7
14 04 6
14 05 10
14 06 9
14 07 9
14 08 11
15 01 7
15 02 10
15 03 7
15 04 9
15 05 10
15 06 6
15 07 10
15 08 11
16 01 6
16 02 9
16 03 7
16 04 8
16 05 10
16 06 8
16 07 12
16 08 11
17 01 9
17 02 10
17 03 10
17 04 9
17 05 11
17 06 9
17 07 10
17 08 15
18 01 8
18 02 11
18 03 11
18 04 12
18 05 11
18 06 11
18 07 11
18 08 13
19 01 8
19 02 8
19 03 12
19 04 11
19 05 10
19 06 11
19 07 12
19 08 12
20 01 7
20 02 9
20 03 12
20 04 15
20 05 13
20 06 15
20 07 16
20 08 12
21 01 8
21 02 10
21 03 12
21 04 14
21 05 12
21 06 11
21 07 11
21 08 13
22 01 9
22 02 12
22 03 12
22 04 12
22 05 14
22 06 11
22 07 15
22 08 10
23 01 11
23 02 14
23 03 11
23 04 12
23 05 12
23 06 14
23 07 13
23 08 14
24 01 14
24 02 13
24 03 15
24 04 14
24 05 11
24 06 16
24 07 16
24 08 17
25 01 11
25 02 13
25 03 13
25 04 14
25 05 19
25 06 15
25 07 16
25 08 15
26 01 13
26 02 16
26 03 12
26 04 13
26 05 16
26 06 12
26 07 17
26 08 18
27 01 10
27 02 14
27 03 15
27 04 15
27 05 13
27 06 14
27 07 12
27 08 18
28 01 12
28 02 15
28 03 17
28 04 18
28 05 17
28 06 18
28 07 14
28 08 16
29 01 12
29 02 14
29 03 17
29 04 17
29 05 20
29 06 21
29 07 19
29 08 16
30 01 13
30 02 16
30 03 17
30 04 18
30 05 15
30 06 17
30 07 20
30 08 21
31 01 15
31 02 19
31 03 19
31 04 21
31 05 16
31 06 20
31 07 20
31 08 19
32 01 13
32 02 18
32 03 19
32 04 19
32 05 20
32 06 17
32 07 18
32 08 17
33 01 14
33 02 17
33 03 18
33 04 19
33 05 18
33 06 17
33 07 21
33 08 21
34 01 17
34 02 19
34 03 20
34 04 22
34 05 20
34 06 18
34 07 25
34 08 22
35 01 16
35 02 16
35 03 19
35 04 20
35 05 19
35 06 22
35 07 21
35 08 22
36 01 15
36 02 20
36 03 21
36 04 18
36 05 21
36 06 22
36 07 24
36 08 25
37 01 17
37 02 22
37 03 21
37 04 22
37 05 23
37 06 24
37 07 19
37 08 24
38 01 18
38 02 17
38 03 20
38 04 19
38 05 26
38 06 25
38 07 26
38 08 24
39 01 17
39 02 20
39 03 16
39 04 24
39 05 23
39 06 24
39 07 22
39 08 22
40 01 17
40 02 18
40 03 19
