01 01 1
02 01 2
02 02 1
03 01 1
03 02 3
03 03 1
04 01 1
04 02 6
04 03 1
04 04 1
05 01 1
05 02 3
05 03 4
05 04 5
05 05 1
06 01 2
06 02 4
06 03 10
06 04 15
06 05 1
06 06 1
07 01 8
07 02 5
07 03 20
07 04 4
07 05 21
07 06 1
07 07 1
08 01 6
08 02 7
08 03 25
08 04 20
08 05 15
08 06 7
08 07 1
08 08 1
09 01 24
09 02 23
09 03 21
09 04 9
09 05 6
09 06 27
09 07 8
09 08 1
10 01 11
10 02 7
10 03 49
10 04 41
10 05 21
10 06 5
10 07 8
10 08 1
11 01 3
11 02 3
11 03 6
11 04 22
11 05 22
11 06 28
11 07 8
11 08 45
12 01 5
12 02 43
12 03 12
12 04 163
12 05 65
12 06 15
12 07 33
12 08 1
13 01 9
13 02 1
13 03 42
13 04 165
13 05 46
13 06 74
13 07 462
13 08 5
14 01 6
14 02 46
14 03 23
14 04 117
14 05 44
14 06 301
14 07 462
14 08 156
15 01 6
15 02 9
15 03 22
15 04 4
15 05 70
15 06 5005
15 07 784
15 08 294
16 01 27
16 02 60
16 03 24
16 04 42
16 05 75
16 06 1785
16 07 240
16 08 1050
17 01 8
17 02 27
17 03 28
17 04 286
17 05 730
17 06 1533
17 07 750
17 08 20
18 01 32
18 02 35
18 03 32
18 04 232
18 05 435
18 06 391
18 07 1590
18 08 666
19 01 12
19 02 54
19 03 3
19 04 53
19 05 1638
19 06 1389
19 07 918
19 08 3542
20 01 150
20 02 225
20 03 292
20 04 4
20 05 22
20 06 32
20 07 5
20 08 5149
21 01 160
21 02 540
21 03 23
21 04 48
21 05 7143
21 06 694
21 07 16573
21 08 10583
22 01 72
22 02 4
22 03 144
22 04 60
22 05 721
22 06 1882
22 07 770
22 08 78780
23 01 64
23 02 24
23 03 1683
23 04 252
23 05 210
23 06 430
23 07 6524
23 08 17466
24 01 27
24 02 266
24 03 180
24 04 147
24 05 349
24 06 1
24 07 2759
24 08 1645
25 01 384
25 02 81
25 03 806
25 04 120
25 05 3
25 06 556
25 07 28
25 08 10045
26 01 32
26 02 15
26 03 372
26 04 108
26 05 2380
26 06 5151
26 07 246
26 08 120
27 01 252
27 02 765
27 03 291
27 04 10624
27 05 1615
27 06 4281
27 07 45558
27 08 3003
28 01 176
28 02 1010
28 03 264
28 04 121
28 05 20
28 06 1130
28 07 6552
28 08 16560
29 01 200
29 02 948
29 03 1692
29 04 24
29 05 128
29 06 3
29 07 3
29 08 4655
30 01 42
30 02 2904
30 03 1520
30 04 1712
30 05 26467
30 06 8919
30 07 21
30 08 16
31 01 152
31 02 360
31 03 2480
31 04 24
31 05 23633
31 06 15
31 07 10474
31 08 441
32 01 24
32 02 896
32 03 8280
32 04 5313
32 05 2415
32 06 188
32 07 1191
32 08 52395
33 01 288
33 02 2928
33 03 26
33 04 7115
33 05 88326
33 06 71971
33 07 1922
33 08 333
34 01 320
34 02 6210
34 03 270
34 04 884
34 05 14800
34 06 352407
34 07 120
34 08 455
35 01 2160
35 02 924
35 03 621
35 04 459515
35 05 1352736
35 06 902
35 07 103702
35 08 664
36 01 1728
36 02 440
36 03 2624
36 04 222327
36 05 4284
36 06 1132
36 07 1532
36 08 882
37 01 1680
37 02 180
37 03 9250
37 04 6888
37 05 2600
37 06 150
37 07 413598
37 08 2460
38 01 672
38 02 10800
38 03 2184
38 04 20069
38 05 1562
38 06 15
38 07 297
38 08 1422
39 01 960
39 02 80
39 03 1115775
39 04 6750
39 05 2545
39 06 16937
39 07 215482
39 08 243223
