NMec = 2020
T = 20
P = 4
Profits not ignored
Solution time = 1.392e-02
Viable tasks = 155510
Total Profit = 36148
Task     Starting date     Ending date     Profit 
1               1              17           2886         -1
2               1              17           4741          0
3               1              21           2220         -1
4               2              13           1548          1
5               3              49           8218          2
6               5              29           6188         -1
7               8              34           7669          3
8               9              20           1483         -1
9              10              14            875         -1
10             14              26           3400          1
11             15              30           3447         -1
12             20              39           2016         -1
13             20              48           2407         -1
14             22              25            251          0
15             22              38           3392         -1
16             24              42           2397         -1
17             26              41           3944          0
18             28              42           4228          1
19             38              48           1354          3
20             43              49            795          0
End
