01 01 1.744e-06
02 01 1.727e-06
02 02 2.139e-06
03 01 1.996e-06
03 02 1.863e-06
03 03 1.799e-06
04 01 1.803e-06
04 02 1.793e-06
04 03 1.892e-06
04 04 5.131e-06
05 01 2.267e-06
05 02 2.228e-06
05 03 2.633e-06
05 04 3.238e-06
05 05 1.825e-06
06 01 1.521e-06
06 02 5.785e-06
06 03 3.335e-06
06 04 2.828e-06
06 05 2.910e-06
06 06 3.071e-06
07 01 2.107e-06
07 02 3.657e-06
07 03 4.161e-06
07 04 6.761e-06
07 05 7.618e-06
07 06 5.390e-06
07 07 5.297e-06
08 01 2.062e-06
08 02 9.803e-06
08 03 6.700e-06
08 04 7.882e-06
08 05 7.861e-06
08 06 7.435e-06
08 07 7.535e-06
08 08 7.211e-06
09 01 3.142e-06
09 02 4.533e-06
09 03 6.841e-06
09 04 8.975e-06
09 05 2.277e-05
09 06 1.237e-05
09 07 1.301e-05
09 08 1.269e-05
10 01 2.759e-06
10 02 5.959e-06
10 03 1.150e-05
10 04 1.276e-05
10 05 1.893e-05
10 06 2.213e-05
10 07 2.150e-05
10 08 2.516e-05
11 01 8.196e-06
11 02 1.008e-05
11 03 2.192e-05
11 04 4.331e-05
11 05 4.089e-05
11 06 6.109e-05
11 07 3.958e-05
11 08 4.974e-05
12 01 5.498e-06
12 02 9.245e-06
12 03 3.305e-05
12 04 3.494e-05
12 05 6.731e-05
12 06 1.110e-04
12 07 9.868e-05
12 08 8.686e-05
13 01 6.531e-06
13 02 2.008e-05
13 03 2.773e-05
13 04 7.945e-05
13 05 8.586e-05
13 06 1.224e-04
13 07 1.449e-04
13 08 1.577e-04
14 01 1.286e-05
14 02 2.475e-05
14 03 1.407e-04
14 04 7.789e-05
14 05 1.593e-04
14 06 3.109e-04
14 07 2.401e-04
14 08 2.881e-04
15 01 1.147e-05
15 02 2.546e-05
15 03 9.151e-05
15 04 2.137e-04
15 05 3.191e-04
15 06 2.802e-04
15 07 4.796e-04
15 08 5.467e-04
16 01 2.994e-05
16 02 1.065e-04
16 03 1.784e-04
16 04 5.568e-04
16 05 7.204e-04
16 06 1.241e-03
16 07 7.496e-04
16 08 1.165e-03
17 01 3.067e-05
17 02 2.245e-04
17 03 1.076e-04
17 04 1.002e-03
17 05 1.086e-03
17 06 9.384e-04
17 07 1.587e-03
17 08 2.269e-03
18 01 4.675e-05
18 02 1.701e-04
18 03 4.393e-04
18 04 1.948e-03
18 05 2.228e-03
18 06 1.366e-03
18 07 2.580e-03
18 08 3.607e-03
19 01 1.338e-04
19 02 2.663e-04
19 03 2.418e-03
19 04 7.094e-03
19 05 3.808e-03
19 06 4.528e-03
19 07 5.863e-03
19 08 7.610e-03
20 01 2.349e-04
20 02 4.645e-04
20 03 2.079e-03
20 04 2.680e-03
20 05 5.093e-03
20 06 7.452e-03
20 07 1.047e-02
20 08 1.123e-02
21 01 4.776e-04
21 02 9.400e-04
21 03 1.170e-03
21 04 7.708e-03
21 05 1.025e-02
21 06 1.519e-02
21 07 1.350e-02
21 08 3.054e-02
22 01 5.953e-04
22 02 2.429e-03
22 03 1.069e-02
22 04 1.278e-02
22 05 1.848e-02
22 06 1.383e-02
22 07 1.376e-02
22 08 5.496e-02
23 01 8.277e-04
23 02 2.363e-03
23 03 6.868e-03
23 04 1.390e-02
23 05 2.590e-02
23 06 8.218e-02
23 07 2.766e-02
23 08 5.043e-02
24 01 8.441e-04
24 02 5.310e-03
24 03 1.208e-02
24 04 4.349e-02
24 05 3.031e-02
24 06 5.275e-02
24 07 1.009e-01
24 08 8.674e-02
25 01 3.785e-03
25 02 2.766e-03
25 03 1.834e-02
25 04 7.316e-02
25 05 1.121e-01
25 06 1.677e-01
25 07 1.989e-01
25 08 1.259e-01
26 01 1.420e-03
26 02 7.125e-03
26 03 8.898e-02
26 04 4.377e-02
26 05 1.404e-01
26 06 1.168e-01
26 07 3.265e-01
26 08 1.886e-01
27 01 9.421e-04
27 02 5.759e-02
27 03 7.728e-02
27 04 6.689e-02
27 05 3.656e-01
27 06 2.565e-01
27 07 3.851e-01
27 08 4.557e-01
28 01 5.949e-03
28 02 8.756e-03
28 03 4.105e-01
28 04 8.183e-01
28 05 2.571e-01
28 06 8.112e-01
28 07 6.577e-01
28 08 1.410e+00
29 01 6.662e-03
29 02 3.865e-02
29 03 4.435e-01
29 04 3.978e-01
29 05 6.342e-01
29 06 1.900e+00
29 07 3.386e+00
29 08 2.905e+00
30 01 3.750e-03
30 02 5.480e-02
30 03 8.178e-02
30 04 2.343e+00
30 05 1.244e+00
30 06 4.738e+00
30 07 6.880e+00
30 08 2.971e+00
31 01 5.907e-02
31 02 3.006e-02
31 03 2.650e-01
31 04 2.289e+00
31 05 1.812e+00
31 06 8.995e+00
31 07 6.642e+00
31 08 8.308e+00
32 01 5.132e-03
32 02 6.026e-01
32 03 2.508e+00
32 04 4.419e+00
32 05 2.410e+00
32 06 7.353e+00
32 07 1.366e+01
32 08 5.029e+01
