NMec = 98498
T = 17
P = 1
Profits not ignored
Solution time = 6.104e-05
Viable job selections = 1442
Best total profit = 25625
Task data
    5  13   679     0
   10  27  2820    -1
   19  35  3169     0
   25  41  3022    -1
   46  58  2000     0
   59 169 19777     0
   62  73  1000    -1
   62  75  2131    -1
   68  85  3331    -1
   76  77   279    -1
   77  98  1995    -1
   82  91   795    -1
   82 103  2489    -1
   83  88  1330    -1
   85  96  1461    -1
  130 145  1843    -1
  133 137  1127    -1
End
