NMec = 98498
T = 17
P = 3
Profits not ignored
Solution time = 4.875e-04
Viable job selections = 14492
Best total profit = 25594
Task data
    1  21  4348     0
    3  14  2296     1
    5  14  2168    -1
    5  16   855    -1
    7  42  8661     2
   10  23  1715    -1
   13  27  1833    -1
   16  25  2662    -1
   18  28  1024    -1
   20  40  5190    -1
   21  27   717    -1
   21  51  5616     1
   24  31  1251    -1
   25  36  2198     0
   30  46  2922    -1
   37  46  2475     0
   38  53  2379    -1
End
