NMec = 98498
T = 17
P = 2
Profits not ignored
Solution time = 3.844e-04
Viable job selections = 11909
Best total profit = 20147
Task data
    0  10   863     0
    5  20  3403     1
   10  26  3116    -1
   13  26  2284     0
   14  32  1299    -1
   24  60  3018    -1
   27  40  2108     0
   29  47  1534    -1
   35  58  4714     1
   42  53  1969    -1
   48  63  1363    -1
   52  64  3637     0
   52  66  1742    -1
   53  60   924    -1
   61  72  1407     1
   70  73   971    -1
   72  83  1731     0
End
