NMec = 98498
T = 18
P = 3
Profits not ignored
Solution time = 1.848e-03
Viable job selections = 62674
Best total profit = 19426
Task data
    0   5   622     0
    5  27  3877     1
    8  19  1311    -1
    9  17  1441     0
    9  31  2684    -1
   14  24  1670     2
   18  43  2846    -1
   19  29  1005    -1
   21  34  2667     0
   25  41  2866     2
   28  37  2666     1
   28  48  3064    -1
   31  38  1153    -1
   38  56  1317     0
   39  47  1117     1
   47  55   794     2
   47  56   769    -1
   52  55   389     1
End
