NMec = 98498
T = 18
P = 2
Profits not ignored
Solution time = 2.651e-04
Viable job selections = 10296
Best total profit = 25433
Task data
    4  10   414     0
    7  23  3967     1
    8  80  8591    -1
    9  16  1508    -1
   12  68  7620    -1
   13  30  3900     0
   17  29  2466    -1
   21  32  1352    -1
   26  44  3440     1
   29  51  1972    -1
   32  68  7252     0
   37  42  1396    -1
   38  44  1373    -1
   57  85  4356     1
   60  69  1916    -1
   62  77  1235    -1
   70  85  1326    -1
   74  84  2104     0
End
