NMec = 98498
T = 18
P = 7
Profits not ignored
Solution time = 3.790e-03
Viable job selections = 97004
Best total profit = 21868
Task data
    0  19  3664     0
    3  14  1203    -1
    3  18  1707    -1
    3  22  3004     1
    4  19  1436    -1
    4  19  1794    -1
    4  24  2252     2
    4  25  2151     3
    7  14  1260    -1
    7  15  1018    -1
    7  29  5098     4
    9  12   817     5
    9  22  2449     6
   11  15   880    -1
   12  27  1727    -1
   13  29  2433     5
   14  23  1965    -1
   18  22   694    -1
End
