NMec = 98498
T = 18
P = 4
Profits not ignored
Solution time = 8.293e-04
Viable job selections = 32851
Best total profit = 27696
Task data
    0  22  2933    -1
    1  11   660    -1
    1  30  4200    -1
    1  44  7861     0
    3  42  5276    -1
    4  11   959    -1
    5  25  4572     1
    5  40  6827     2
   10  44  6255     3
   12  24  2132    -1
   13  25  2727    -1
   13  26  2116    -1
   15  24  1536    -1
   17  38  2842    -1
   23  31  1771    -1
   26  43  2181     1
   33  40  1418    -1
   37  43  1015    -1
End
