NMec = 98498
T = 18
P = 5
Profits not ignored
Solution time = 1.367e-03
Viable job selections = 54349
Best total profit = 28034
Task data
    0  15  1405    -1
    1  25  4094    -1
    1  25  5007     0
    2  15  2845     1
    2  20  3915     2
    3  25  4828    -1
    6  28  1624    -1
    7  19  2600     3
    7  22  1412    -1
    8  33  5438     4
   12  16   506    -1
   13  23   949    -1
   14  28  3244    -1
   18  31  2392    -1
   20  22   370     1
   20  31  2628     3
   23  32  2952     1
   24  34  2279     2
End
