NMec = 98498
T = 19
P = 8
Profits not ignored
Solution time = 1.048e-02
Viable job selections = 360156
Best total profit = 28095
Task data
    0  20  2358     0
    0  23  2381    -1
    2  26  2485    -1
    3  27  4433     1
    4  23  3082     2
    5  11   908     3
    6  21  1851    -1
    6  25  1907    -1
    7  22  3050     4
    7  25  3047     5
   10  16  1486     6
   10  19  1074    -1
   10  23  1876    -1
   11  25  3689     7
   16  28  2168     3
   20  26  1527     6
   20  29  1116    -1
   22  29  1885     0
   24  25   462     2
End
