NMec = 98498
T = 19
P = 6
Profits not ignored
Solution time = 3.876e-03
Viable job selections = 157588
Best total profit = 23708
Task data
    0  13  3385     0
    0  19  3750     1
    2  17  3604     2
    3   8   898     3
    4  24  2390    -1
    5  14  1236    -1
    5  19  1506    -1
    7  18  2400     4
    7  30  5036     5
    8  17   708    -1
   10  17   743    -1
   10  17  1900    -1
   11  16   747    -1
   12  21  2397     3
   12  23  1767    -1
   13  20   979    -1
   18  26  1007     0
   19  26   979     2
   26  27   252     1
End
