NMec = 98498
T = 19
P = 7
Profits not ignored
Solution time = 1.003e-02
Viable job selections = 350684
Best total profit = 24321
Task data
    1   4   393     0
    2  28  3712     1
    3   5   778     2
    3  20  1623     3
    3  23  3626     4
    4  28  2329    -1
    5  22  1642    -1
    7  18  1704     0
    7  23  4141     2
   10  28  1445    -1
   11  15   297     5
   11  21  1129    -1
   12  20   850    -1
   13  28  3091     6
   16  26  2381     5
   20  24   546    -1
   21  25   960    -1
   22  28  1151     0
   22  29  1424     3
End
