NMec = 98498
T = 19
P = 1
Profits not ignored
Solution time = 2.403e-04
Viable job selections = 11200
Best total profit = 26125
Task data
    7  12  1035     0
   19  26  2055     0
   33  54  5292     0
   37  58  3697    -1
   57  73  4379     0
   63  70  1798    -1
   73  81  1525    -1
   85  90   774    -1
   85  94  2221    -1
   87 101  2401     0
   92 105  2035    -1
  104 125  3495     0
  128 144  2489    -1
  128 147  4544     0
  135 143  1804    -1
  138 149  3036    -1
  157 181  2924     0
  168 181  2307    -1
  177 188  1139    -1
End
