NMec = 98498
T = 19
P = 4
Profits not ignored
Solution time = 1.221e-03
Viable job selections = 57848
Best total profit = 27643
Task data
    2  18  1548     0
    4  24  3336    -1
    6  21  4017     1
    7  40  3338    -1
    8  34  5415     2
   11  24  1555    -1
   11  25  2580    -1
   11  30  3700     3
   15  31  2222    -1
   17  34  2820    -1
   18  21   441    -1
   20  31  2300     0
   20  35  1945    -1
   23  38  1762    -1
   28  42  3210     1
   31  46  3395     3
   34  44  2157     0
   36  43  1901     2
   37  47   916    -1
End
