NMec = 98498
T = 19
P = 5
Profits not ignored
Solution time = 1.415e-03
Viable job selections = 69160
Best total profit = 28506
Task data
    0  18  1354    -1
    0  21  5548     0
    2  22  2029    -1
    2  27  5613     1
    6  26  5108     2
    7  20  2820     3
   12  25  3490     4
   13  23  1857    -1
   13  31  2330    -1
   14  22  1224    -1
   16  37  1827    -1
   18  30  2551    -1
   18  30  2349    -1
   20  30  1256    -1
   20  30  1374    -1
   21  34  2210     3
   22  32  2677     0
   31  36   735     1
   32  35   305     2
End
