NMec = 98498
T = 19
P = 3
Profits not ignored
Solution time = 3.981e-03
Viable job selections = 155396
Best total profit = 27956
Task data
    0   8  2119     0
    1  11  1279     1
    7  16   727     2
    7  53  4750    -1
   11  30  2932     0
   14  25  2398     1
   17  28  2749     2
   24  32  1564    -1
   25  26   397    -1
   26  55  7766     1
   27  41  1377    -1
   31  35   714     0
   33  44  1565     2
   36  43   583     0
   37  52  2213    -1
   44  63  2207     0
   45  56  1429    -1
   47  57  2725     2
   57  59   192     1
End
