NMec = 98498
T = 20
P = 5
Profits not ignored
Solution time = 1.801e-02
Viable job selections = 680336
Best total profit = 28801
Task data
    0  20  2850     0
    3  11  1388     1
    3  27  2389     2
    4  24  5505     3
    6  22  1836    -1
    7  13  1809     4
   13  21  2051     1
   13  22  1346    -1
   14  16   399    -1
   16  29  3167     4
   20  33  2298    -1
   21  22   224     0
   24  25   124     0
   24  39  2887     1
   27  35  1171    -1
   27  36  1934     0
   27  38  1677     3
   28  34  1607     2
   30  37  1189     4
   32  39   991    -1
End
