NMec = 98498
T = 20
P = 1
Profits not ignored
Solution time = 1.278e-04
Viable job selections = 5546
Best total profit = 18954
Task data
    1   5   807    -1
    2 177 17733     0
   12  15   343    -1
   30  50  3930    -1
   40  51  2383    -1
   73  90  3089    -1
   79  86   614    -1
  104 114   676    -1
  109 126  2971    -1
  113 119   889    -1
  113 122  1233    -1
  115 123  1365    -1
  123 132  1008    -1
  138 161  4724    -1
  141 167  3131    -1
  154 161  1348    -1
  159 172  1899    -1
  161 172  1587    -1
  161 174  1000    -1
  178 189  1221     0
End
