NMec = 98498
T = 20
P = 8
Profits not ignored
Solution time = 2.299e-02
Viable job selections = 806711
Best total profit = 34234
Task data
    0  15  3027     0
    0  23  4621     1
    1  23  3873     2
    1  26  4419     3
    2  16  1820     4
    4   7   465     5
    4  20  3142     6
    5  15  2003     7
    7  17   760    -1
    8  29  3075     5
   10  19  1612    -1
   10  20  1367    -1
   13  19  1074    -1
   14  26  1114    -1
   16  26  2784     0
   16  26  1830     7
   17  24  2262     4
   19  23  1283    -1
   23  27   306    -1
   23  28   913     6
End
