NMec = 98498
T = 20
P = 6
Profits not ignored
Solution time = 1.266e-02
Viable job selections = 488118
Best total profit = 27924
Task data
    0  15   931    -1
    0  33  6414     0
    1   6   777     1
    3  14  1633    -1
    4   9  1126     2
    4  14  2624     3
    5  14  1737     4
    5  15  1367    -1
    7  19  2515     1
    8  32  2196    -1
    9  15   680    -1
    9  33  2649     5
   11  17   619    -1
   12  24  2023     2
   14  26  1242    -1
   17  23  1243     3
   18  26   794    -1
   20  28  2095     1
   20  29  2238     4
   24  33  2483     3
End
