NMec = 98498
T = 20
P = 7
Profits not ignored
Solution time = 1.061e-02
Viable job selections = 316076
Best total profit = 31698
Task data
    0  13  2295    -1
    0  22  3111    -1
    0  23  5789     0
    1   4   594     1
    2  26  6650     2
    5  11   963     1
    6  13  1287    -1
    6  16  1125    -1
    6  27  3724     3
    7  22  3378     4
    8  14  1167    -1
    8  25  3230    -1
    9  22  2232    -1
   11  24  3347     5
   11  25  2702    -1
   11  28  3887     6
   12  22   796    -1
   12  26  2952     1
   13  20  2063    -1
   24  26   414     0
End
