NMec = 98498
T = 20
P = 2
Profits not ignored
Solution time = 6.080e-04
Viable job selections = 27648
Best total profit = 29516
Task data
    2  29  3162    -1
    4  96 15901     0
    8  27  3820     1
   13  24  1398    -1
   17  23   748    -1
   19  30  1723    -1
   24  36  2617    -1
   25  41  3619    -1
   31  52  5180     1
   42  62  3696    -1
   43  59  1524    -1
   44  54   974    -1
   45  54  1456    -1
   47  62  2920    -1
   51  56   726    -1
   66  79  3498     1
   68  86  2372    -1
   71  81  2110    -1
   76  86  2807    -1
   94  99  1117     1
End
