NMec = 98498
T = 20
P = 4
Profits not ignored
Solution time = 3.101e-03
Viable job selections = 118974
Best total profit = 30902
Task data
    0  17  1888    -1
    1  15  2849     0
    1  23  1590    -1
    2  23  5971     1
    2  39  3470    -1
    4  18  3149     2
    5  26  4189    -1
   10  21  3311     3
   10  26  4313    -1
   10  28  3903    -1
   12  20   753    -1
   16  27  1133    -1
   16  39  6487     0
   21  33  2427     2
   23  32  2573     3
   24  41  2088     1
   28  33   663    -1
   29  35  1112    -1
   33  39  1681     3
   41  43   366     0
End
