NMec = 98498
T = 21
P = 7
Profits not ignored
Solution time = 2.764e-02
Viable job selections = 786180
Best total profit = 29384
Task data
    0   9  1664     0
    1   6   925     1
    2  20  3526     2
    2  21  2633    -1
    2  23  4761     3
    3  15  3247     4
    6  22  1834    -1
    7  25  2349    -1
    8  17  1828     1
    9  28  3615     5
    9  29  4477     6
   11  15   884    -1
   11  16   930    -1
   11  20  1196    -1
   11  27  2449     0
   13  18   935    -1
   13  21   773    -1
   14  19   496    -1
   18  21   935     1
   18  28   984     4
   24  29   973     1
End
