NMec = 98498
T = 21
P = 3
Profits not ignored
Solution time = 8.503e-04
Viable job selections = 44790
Best total profit = 35320
Task data
    1  69  9914     0
    6  68 14123     1
    8  52  7930     2
    9  13  1323    -1
   10  17  1440    -1
   11  20  1133    -1
   11  24  2801    -1
   12  29  2430    -1
   12  34  4919    -1
   13  58  5048    -1
   13  63  5636    -1
   14  20   915    -1
   16  26  1285    -1
   16  27  1451    -1
   23  57  6789    -1
   30  40  1526    -1
   34  54  4002    -1
   42  48   951    -1
   51  54   611    -1
   51  60  1282    -1
   55  69  3353     2
End
