NMec = 98498
T = 21
P = 6
Profits not ignored
Solution time = 2.930e-02
Viable job selections = 790268
Best total profit = 30584
Task data
    1  32  5639     0
    2  32  3954     1
    3  13  2263     2
    4   7   679     3
    5  12   829    -1
    5  13  1318     4
    5  15  1240    -1
    6  32  6526     5
    8  30  3678    -1
    8  32  4747     3
   10  21  2097    -1
   10  24  2014    -1
   11  26  1520    -1
   12  17   950    -1
   16  33  2596     2
   17  25   852    -1
   19  26  1245    -1
   19  27  2385     4
   22  34  1541    -1
   27  32   702    -1
   30  34   477     4
End
