NMec = 98498
T = 21
P = 1
Profits ignored
Solution time = 7.675e-05
Maximum possible tasks = 9
Solutions = 72
Task data
    0 208     1    -1
    3  19     1    -1
   19  34     1     0
   28  48     1    -1
   38  46     1     0
   57  71     1    -1
   60  62     1     0
   66 174     1    -1
   70  79     1    -1
   71  78     1     0
   80  92     1     0
   93 109     1    -1
   95 114     1     0
  107 177     1    -1
  113 136     1    -1
  126 128     1     0
  138 154     1    -1
  138 160     1    -1
  139 152     1    -1
  147 158     1     0
  161 170     1     0
End
