NMec = 98498
T = 21
P = 5
Profits not ignored
Solution time = 8.380e-03
Viable job selections = 293470
Best total profit = 26818
Task data
    1  19  3833     0
    1  36  3103    -1
    2  22  4597     1
    2  37  3167    -1
    4  21  1850    -1
    6  20  2703     2
    6  26  2089    -1
   10  24  1081    -1
   12  21  1115    -1
   14  21  1926    -1
   14  23  1917    -1
   14  29  3517     3
   17  32  3508     4
   18  37  2528    -1
   20  27   775     0
   22  35  2708     2
   24  35  1270    -1
   25  36  2545     1
   28  36  1211    -1
   28  41  2501     0
   36  37   131     2
End
