NMec = 98498
T = 21
P = 1
Profits not ignored
Solution time = 3.264e-04
Viable job selections = 9089
Best total profit = 25661
Task data
    0 208 20113    -1
    3  19  1810     0
   19  34  3127    -1
   28  48  2163     0
   38  46   576    -1
   57  71  2245    -1
   60  62   662     0
   66 174 21026     0
   70  79  2256    -1
   71  78  1274    -1
   80  92  1522    -1
   93 109  4390    -1
   95 114  3480    -1
  107 177 14583    -1
  113 136  1776    -1
  126 128   768    -1
  138 154  1191    -1
  138 160  6118    -1
  139 152  3066    -1
  147 158  2942    -1
  161 170  1672    -1
End
