NMec = 98498
T = 21
P = 2
Profits not ignored
Solution time = 2.526e-03
Viable job selections = 78752
Best total profit = 34491
Task data
    1 102 18817     0
    5   7   631     1
   14  17   478    -1
   16  43  6991     1
   17  22  1235    -1
   19  76  7938    -1
   25  33   752    -1
   34  47  2030    -1
   35  49  1321    -1
   44  51  1296    -1
   47  59  2424     1
   49  68  3203    -1
   49  92  7153    -1
   67  79  1830     1
   68  87  1499    -1
   73  77   441    -1
   76  93  2511    -1
   81  86   490    -1
   81 101  3798     1
   88 101  2831    -1
   94  96   326    -1
End
