NMec = 98498
T = 21
P = 4
Profits not ignored
Solution time = 2.245e-03
Viable job selections = 62703
Best total profit = 28459
Task data
    1  14  1439    -1
    1  49  6729     0
    2  49  6343    -1
    2  52  5578    -1
    3  23  2250    -1
    5  19  3046     1
    5  25  1780    -1
    5  28  3573     2
    5  52  3004    -1
    6  12  1520     3
    7  21  1837    -1
   11  27  2368    -1
   13  39  3757    -1
   14  29  1576    -1
   14  31  4214     3
   17  26  1865    -1
   20  42  5200     1
   21  39  3268    -1
   30  48  2994    -1
   31  46  3367     2
   38  46   810     3
End
