NMec = 98498
T = 22
P = 6
Profits not ignored
Solution time = 6.632e-02
Viable job selections = 2185444
Best total profit = 28509
Task data
    1  22  2372     0
    2  13  1546     1
    3  14  2142     2
    7  11   757    -1
    7  13  1853     3
    8  15   746    -1
    8  19  1086    -1
    9  33  2899    -1
   10  17  1287     4
   11  34  4336     5
   14  24  1158     1
   15  21  1668     2
   18  27  1208    -1
   22  36  2562     2
   23  35  2624     0
   24  30  1618     3
   24  36  2837     4
   25  32   840    -1
   25  36  2506     1
   26  30   836    -1
   26  36  1264    -1
   27  34  1439    -1
End
