NMec = 98498
T = 22
P = 5
Profits not ignored
Solution time = 1.064e-02
Viable job selections = 296543
Best total profit = 24231
Task data
    1  10   919     0
    2  33  3738    -1
    5  15  1017     1
    5  42  3499    -1
    9  31  2601    -1
    9  39  4711     2
    9  41  3510    -1
   10  28  4473     3
   12  43  4522     0
   13  19   500    -1
   13  23  2636     4
   17  28  1124    -1
   17  36  1930    -1
   18  31  1372    -1
   21  23   531     1
   22  38  2017    -1
   23  30  1495    -1
   24  41  2378     1
   25  39  2249     4
   26  34   655    -1
   27  34   446    -1
   30  39   795     3
End
