NMec = 98498
T = 22
P = 4
Profits not ignored
Solution time = 1.148e-02
Viable job selections = 501872
Best total profit = 34084
Task data
    0  18  4485     0
    4  11  1520     1
    5  14  1168    -1
    5  32  3918     2
    6  21  1089    -1
    8  30  5461     3
   13  14   179     1
   13  29  2588    -1
   14  18   936    -1
   17  31  2765     1
   19  48  1865    -1
   20  43  2042    -1
   21  54  6585     0
   24  36  1126    -1
   27  34  1159    -1
   27  41  2328    -1
   29  54  1981    -1
   31  54  3895     3
   34  38   281    -1
   34  40  1469     1
   36  54  2214     2
   42  52  1593     1
End
