NMec = 98498
T = 22
P = 8
Profits not ignored
Solution time = 5.239e-02
Viable job selections = 1805012
Best total profit = 24400
Task data
    3   4   414     0
    3  11  1110     1
    3  24  3384     2
    3  25  2945     3
    4   7   501     4
    4  19  1741    -1
    5  17  1782    -1
    6  13   807     0
    6  16  1642    -1
    7  19  2118     5
    7  24  1539    -1
    7  28  1436    -1
    8  16  2184     4
    8  17  1285    -1
    8  20  1951    -1
   10  18  1568    -1
   11  23  1865    -1
   11  24  2095     6
   12  24  2279     1
   13  28  2911     7
   14  26  2714     0
   19  24   938     4
End
