NMec = 98498
T = 22
P = 7
Profits not ignored
Solution time = 2.390e-02
Viable job selections = 553272
Best total profit = 32069
Task data
    2  11  2532     0
    3  16  2185     1
    4  21  3408    -1
    4  21  5058     2
    4  22  3678     3
    5  26  2669    -1
    6  13  1077    -1
    6  17  1700    -1
    6  23  2189    -1
    6  30  5894     4
    7  20  2128    -1
    8  27  2743    -1
    8  27  4033     5
    9  22  3789     6
    9  27  2423    -1
   10  24  1082    -1
   10  27  1897    -1
   11  20   912    -1
   11  25  1405    -1
   17  26  1190    -1
   17  28  1736     0
   19  31  3164     1
End
