NMec = 98498
T = 22
P = 3
Profits not ignored
Solution time = 8.155e-03
Viable job selections = 256128
Best total profit = 32868
Task data
    0  24  3130     0
    2   7   884    -1
    3  16  1121    -1
    4  14  2443     1
    5  22  2458     2
    6  16  1097    -1
    8  26  1640    -1
   14  40  3212    -1
   20  33   925    -1
   20  73 10842     1
   23  37  2799     2
   24  31   669    -1
   25  33  1438    -1
   26  40   943    -1
   26  63  3420    -1
   30  69  7224     0
   34  43  1797    -1
   37  49  1885    -1
   40  48  1154     2
   49  66  2818     2
   61  69  1763    -1
   63  69  1404    -1
End
