NMec = 98498
T = 22
P = 1
Profits not ignored
Solution time = 6.265e-04
Viable job selections = 14007
Best total profit = 39555
Task data
    3  18  2644    -1
    5 196 36063     0
    8  36  4369    -1
   24  26   247    -1
   24  35  2374    -1
   53  62   966    -1
   64  79  1993    -1
  100 126  2861    -1
  108 120  3298    -1
  115 129  2128    -1
  122 133  1239    -1
  130 138  1755    -1
  154 163  1395    -1
  176 188  3184    -1
  187 200  1890    -1
  188 203  2153    -1
  194 218  5041    -1
  196 209  2351    -1
  199 202   842     0
  202 214  2421    -1
  204 219  2650     0
  205 209   567    -1
End
