NMec = 98498
T = 22
P = 1
Profits ignored
Solution time = 1.641e-04
Maximum possible tasks = 10
Solutions = 16
Task data
    3  18     1     0
    5 196     1    -1
    8  36     1    -1
   24  26     1    -1
   24  35     1     0
   53  62     1     0
   64  79     1     0
  100 126     1    -1
  108 120     1    -1
  115 129     1     0
  122 133     1    -1
  130 138     1     0
  154 163     1     0
  176 188     1     0
  187 200     1    -1
  188 203     1    -1
  194 218     1    -1
  196 209     1    -1
  199 202     1     0
  202 214     1    -1
  204 219     1    -1
  205 209     1     0
End
