NMec = 98498
T = 22
P = 2
Profits not ignored
Solution time = 3.166e-03
Viable job selections = 138691
Best total profit = 24769
Task data
    2  12  1685     0
    8  15   829    -1
   10 105  9989    -1
   11  24  3540     1
   15  37  2110    -1
   17  21   855    -1
   17  22   582    -1
   18  32  1987     0
   32  44  1486     1
   33  50  2118     0
   50  53   627     1
   53  64  1938    -1
   54  64  1879    -1
   58  80  1457    -1
   58  82  5789     0
   59  93  5723     1
   65  68   822    -1
   67  80  1531    -1
   76  91  1839    -1
   78  86  2249    -1
   79  97  1903    -1
   89 103  1814     0
End
