NMec = 98498
T = 23
P = 7
Profits not ignored
Solution time = 5.626e-02
Viable job selections = 2105731
Best total profit = 28337
Task data
    0   4   728     0
    0   8   749     1
    0  13  2273     2
    0  32  6775     3
    3  19  1307    -1
    3  26  3228     4
    3  28  2007    -1
    4  18  1828     5
    5  29  2189    -1
    7  20   998    -1
    8  30  2104    -1
    8  31  3070     0
    9  26  2517    -1
   10  26  2993     1
   11  25  1304    -1
   11  26  2465    -1
   12  27  2092    -1
   13  32  4193     6
   15  26   944    -1
   19  22   476     2
   20  26   693    -1
   21  30  1240     5
   26  30   784     2
End
