NMec = 98498
T = 23
P = 5
Profits not ignored
Solution time = 2.973e-02
Viable job selections = 1371760
Best total profit = 30214
Task data
    0   9  2114     0
    2  25  1953    -1
    3  26  4481     1
    4  30  2791    -1
    6  24  2931     2
    7  13  1247     3
    9  21  1094     4
   13  19  1081    -1
   14  36  1268    -1
   15  32  4166     0
   16  19   666    -1
   17  24   469    -1
   18  28   855    -1
   18  42  4136     3
   20  28  1443    -1
   23  31   775    -1
   23  43  2319     4
   24  27   405    -1
   26  30   760    -1
   26  43  4152     2
   27  36  1612     1
   35  44  1081     0
   37  42   881     1
End
