NMec = 98498
T = 23
P = 4
Profits not ignored
Solution time = 4.177e-02
Viable job selections = 1585422
Best total profit = 29704
Task data
    6  13  1011     0
    6  21  2328     1
    8  11   542     2
    8  19  1894     3
   12  25  1813     2
   13  22   978    -1
   18  44  2462    -1
   23  44  2798    -1
   24  32  2404     0
   24  36  1827     1
   25  35  1727    -1
   27  44  2152    -1
   30  51  5291     2
   31  46  4222     3
   32  50  4293    -1
   34  44  2822     0
   39  49  1177    -1
   39  56  2439    -1
   44  57  3259     1
   46  50   463    -1
   46  54   830    -1
   47  55  1324     0
   49  53   967     3
End
