NMec = 98498
T = 23
P = 8
Profits not ignored
Solution time = 9.122e-02
Viable job selections = 3315607
Best total profit = 32435
Task data
    0  25  2798     0
    1   6   658     1
    1  22  5661     2
    1  24  5006     3
    3  12   922    -1
    3  23  1997    -1
    3  29  5379     4
    5   7   570     5
    5  13   979    -1
    5  20  1923    -1
    7  13  1644     1
    7  14  1530     6
    7  28  1520    -1
    8  24  2075    -1
    9  24  2723    -1
   10  28  3704     5
   11  21  2813     7
   12  15   376    -1
   12  27  2228    -1
   13  20   845    -1
   14  27  1215     1
   16  29  1457     6
   20  27   783    -1
End
