NMec = 98498
T = 23
P = 2
Profits not ignored
Solution time = 2.000e-03
Viable job selections = 56586
Best total profit = 31992
Task data
   19 109 10834    -1
   21  28   735     0
   35 108 19027     0
   40  47   970     1
   51  72  4699     1
   57  76  3121    -1
   70  76  1904    -1
   72  82  1222    -1
   73  80   975     1
   74  88  2335    -1
   78  94  1532    -1
   80  87  1092    -1
   82  92  1183    -1
   83 103  2368    -1
   83 106  5586     1
   85  93  1047    -1
   90  94   910    -1
   91  99   891    -1
   93 103  1453    -1
   96 109  1414    -1
  101 108   820    -1
  105 110   635    -1
  106 109   574    -1
End
