NMec = 98498
T = 23
P = 6
Profits not ignored
Solution time = 5.038e-02
Viable job selections = 2103142
Best total profit = 24514
Task data
    0  16  1167    -1
    1  23  3371     0
    4   7   338     1
    4   9  1112     2
    5  15   871    -1
    7  20   997    -1
    7  21  1532     3
    9  14   586    -1
    9  29  3115     1
    9  32  2280    -1
   10  21  2841     2
   11  33  3402     4
   13  31  1656    -1
   14  22  1408    -1
   14  26  1316    -1
   14  26  3419     5
   15  28  1632    -1
   19  33  1248    -1
   22  25   737     2
   22  29  1050    -1
   23  33  1163     3
   25  35  2079     0
   26  35  1405     2
End
