NMec = 98498
T = 23
P = 3
Profits not ignored
Solution time = 3.993e-03
Viable job selections = 127791
Best total profit = 35339
Task data
    2  50  7452    -1
    6  33  6440     0
    6  47  5050    -1
    7  53  8538     1
    7  62  3531    -1
   12  21  1797     2
   13  31  2922    -1
   17  25  1538    -1
   19  31  2374    -1
   24  34  1563    -1
   24  38  3959     2
   30  42  1171    -1
   31  48  2161    -1
   31  52  2280    -1
   33  49  3733    -1
   38  41   626     0
   40  65  6083     2
   43  65  5605     0
   46  49   533    -1
   49  56  1147    -1
   49  69  2281    -1
   53  55   349    -1
   62  72  2291     1
End
