NMec = 98498
T = 24
P = 5
Profits not ignored
Solution time = 6.166e-02
Viable job selections = 2961886
Best total profit = 33248
Task data
    0  10  2013     0
    1   8   878    -1
    2  12  1405     1
    3  16  1852     2
    4  15  1096    -1
    4  30  5523     3
    5  16  2497     4
    7  23  3612    -1
    8  22  1833    -1
    9  23  1152    -1
   11  36  5432     0
   13  36  2739    -1
   14  23  2034    -1
   16  46  3774     1
   18  29  1475    -1
   18  34  2042    -1
   19  30   994    -1
   20  28  2462     2
   22  38  2199    -1
   23  41  3938     4
   29  39  1113     2
   36  44  2184     3
   36  45   753    -1
   39  42  1055     0
End
