NMec = 98498
T = 24
P = 4
Profits ignored
Solution time = 7.592e-03
Maximum possible tasks = 13
Solutions = 126
Task data
    2  27     1    -1
    2  53     1    -1
    3  11     1     0
    4  13     1     1
    6  40     1    -1
    9  21     1    -1
   10  27     1    -1
   13  28     1    -1
   14  19     1     0
   14  19     1     1
   15  21     1     2
   15  22     1     3
   18  32     1    -1
   20  30     1    -1
   20  41     1    -1
   21  30     1     0
   21  32     1     1
   23  45     1    -1
   28  38     1    -1
   29  35     1     2
   30  46     1     3
   34  42     1     0
   38  51     1     1
   38  59     1     2
End
