NMec = 98498
T = 24
P = 4
Profits not ignored
Solution time = 2.434e-02
Viable job selections = 919152
Best total profit = 25459
Task data
    2  27  2083    -1
    2  53  4509    -1
    3  11  1774     0
    4  13  1250     1
    6  40  5069     2
    9  21  1528    -1
   10  27  1578    -1
   13  28  2373     0
   14  19   854     1
   14  19   979     3
   15  21  1544    -1
   15  22  1714    -1
   18  32  2214    -1
   20  30  1942    -1
   20  41  4406     1
   21  30  1749    -1
   21  32  2195     3
   23  45  2361    -1
   28  38  1911    -1
   29  35  1147     0
   30  46  1985    -1
   34  42   707    -1
   38  51  3160     0
   38  59  2252     3
End
