NMec = 98498
T = 24
P = 6
Profits not ignored
Solution time = 1.404e-01
Viable job selections = 5028408
Best total profit = 30008
Task data
    0  10  1088    -1
    0  15  1825     0
    1  10  1209    -1
    3   8   744     1
    5  17  2167     2
    6  15  1049    -1
    6  27  2650    -1
    6  31  5613     3
    7  14  1950     4
    7  29  2054    -1
    8  21  1806     5
    9  23  1347     1
   10  19  1154    -1
   15  22  1424     4
   15  30  1492    -1
   17  29  2613     0
   18  35  3406     2
   19  32  1680    -1
   22  33  2172     5
   22  33  1621    -1
   24  33  2488     1
   25  33  1802    -1
   26  38  2453     4
   27  36  1129    -1
End
