NMec = 98498
T = 24
P = 7
Profits ignored
Solution time = 2.844e-02
Maximum possible tasks = 13
Solutions = 6174
Task data
    3   9     1     0
    3  10     1     1
    4  24     1    -1
    5  20     1    -1
    5  21     1    -1
    7  11     1     2
    7  16     1     3
    7  18     1    -1
    7  24     1    -1
    8  10     1     4
    8  18     1    -1
    9  22     1    -1
   10  29     1    -1
   12  19     1    -1
   12  23     1     0
   12  25     1    -1
   13  26     1    -1
   14  32     1     1
   15  31     1     2
   15  32     1     4
   16  26     1     5
   16  26     1     6
   18  33     1     3
   24  32     1     0
End
