NMec = 98498
T = 24
P = 2
Profits not ignored
Solution time = 3.731e-03
Viable job selections = 203328
Best total profit = 34134
Task data
    2  93  8069    -1
    4  27  2913    -1
    6  18  1334    -1
    9  33  5613     0
   10  28  1113    -1
   10  35  3793     1
   18  33  1831    -1
   34  41  1287     0
   34  51  1663    -1
   39  66  5943    -1
   45 111 10928     0
   46  52  1902     1
   51  64  2143    -1
   52  63  1566    -1
   60  85  3064    -1
   63  82  4351     1
   64  75  1040    -1
   79  91  1246    -1
   80 100  1152    -1
   84  85   220     1
   86 100  3670     1
   88  95  1219    -1
   89 108  2357    -1
  106 117  2370     1
End
