NMec = 98498
T = 24
P = 1
Profits not ignored
Solution time = 1.037e-03
Viable job selections = 43299
Best total profit = 33671
Task data
   27 238 16764    -1
   28  31   977     0
   35 233 28307    -1
   39  46  1464    -1
   42 166 25104     0
   45  46   458    -1
   50  73  3090    -1
   54  72  2328    -1
   56  68  1760    -1
   63  83  5535    -1
   85  98  1552    -1
   91 100  1392    -1
   93 103  2419    -1
   99 101   365    -1
  101 119  3632    -1
  108 118  1787    -1
  142 156  1316    -1
  173 182   906    -1
  177 188  1968     0
  179 191  1576    -1
  198 208  2187     0
  210 216   545     0
  217 225  1375    -1
  222 239  2890     0
End
