NMec = 98498
T = 24
P = 7
Profits not ignored
Solution time = 8.850e-02
Viable job selections = 3278428
Best total profit = 31247
Task data
    3   9   951     0
    3  10  1233     1
    4  24  2784    -1
    5  20  3250     2
    5  21  2059    -1
    7  11   458     3
    7  16  2339     4
    7  18  2214    -1
    7  24  2010    -1
    8  10   484     5
    8  18  1877    -1
    9  22  3722     6
   10  29  4353     0
   12  19   497    -1
   12  23  1144    -1
   12  25  2421    -1
   13  26  1892    -1
   14  32  1454    -1
   15  31  4554     1
   15  32  4403     3
   16  26  2844     5
   16  26  1886    -1
   18  33  1442     4
   24  32  1214     2
End
