NMec = 98498
T = 24
P = 8
Profits not ignored
Solution time = 1.183e-01
Viable job selections = 4565661
Best total profit = 32808
Task data
    0  25  3170     0
    1  11  2036     1
    2  26  4851     2
    4  26  3101    -1
    5  14  1862     3
    5  25  4630     4
    5  25  1754    -1
    6  20  1434    -1
    6  25  4687     5
    8  19  1385    -1
    8  22  1853    -1
    8  24  3999     6
    9  20  2519     7
   10  20  1905    -1
   10  24  1981    -1
   10  28  1778    -1
   10  29  2902    -1
   14  18   499    -1
   14  28  1400     1
   16  24  1012    -1
   17  19   451     3
   20  29  2473     3
   21  25   730     7
   24  29   597    -1
End
