NMec = 98498
T = 24
P = 6
Profits ignored
Solution time = 4.624e-02
Maximum possible tasks = 14
Solutions = 11413
Task data
    0  10     1    -1
    0  15     1    -1
    1  10     1    -1
    3   8     1     0
    5  17     1     1
    6  15     1     2
    6  27     1    -1
    6  31     1    -1
    7  14     1     3
    7  29     1    -1
    8  21     1     4
    9  23     1     0
   10  19     1     5
   15  22     1     3
   15  30     1    -1
   17  29     1    -1
   18  35     1    -1
   19  32     1    -1
   22  33     1     1
   22  33     1     2
   24  33     1     0
   25  33     1     3
   26  38     1     4
   27  36     1     5
End
