NMec = 98498
T = 25
P = 5
Profits not ignored
Solution time = 6.385e-02
Viable job selections = 2945072
Best total profit = 37957
Task data
    1   3   279     0
    2  18  3193     1
    2  44  2700    -1
    3  28  2542    -1
    5  16  2881     0
    6  26  1756    -1
    7  31  4574     2
    7  45 10419     3
   10  16  1130    -1
   10  30  1564    -1
   11  29  2462    -1
   12  35  3184    -1
   13  36  5378     4
   15  31  2561    -1
   16  38  3070    -1
   19  36  1096    -1
   21  38  2603    -1
   23  36  2773     0
   23  43  3844     1
   29  35  1253    -1
   38  40   450    -1
   38  46   791     0
   38  48  2298     2
   39  47  1527     4
   40  48   587    -1
End
