NMec = 98498
T = 25
P = 5
Profits ignored
Solution time = 1.949e-02
Maximum possible tasks = 15
Solutions = 15
Task data
    1   3     1     0
    2  18     1     1
    2  44     1    -1
    3  28     1    -1
    5  16     1     0
    6  26     1     2
    7  31     1    -1
    7  45     1    -1
   10  16     1     3
   10  30     1    -1
   11  29     1    -1
   12  35     1    -1
   13  36     1    -1
   15  31     1    -1
   16  38     1     4
   19  36     1     0
   21  38     1     1
   23  36     1     3
   23  43     1    -1
   29  35     1     2
   38  40     1     0
   38  46     1     2
   38  48     1     3
   39  47     1     1
   40  48     1     4
End
