NMec = 98498
T = 25
P = 2
Profits not ignored
Solution time = 3.324e-03
Viable job selections = 176751
Best total profit = 52443
Task data
    1   8  1269     0
    1  18  2125    -1
    1 112 13251    -1
    4  23  3742    -1
    4 119 10938    -1
    6  80 21814     1
    8 116 17318    -1
   12 122 26571     0
   14  25   686    -1
   28  41  2607    -1
   31  39   950    -1
   33  40  1411    -1
   34  36   703    -1
   37  45  1049    -1
   42  60  5549    -1
   47  63  2314    -1
   49 115  9559    -1
   50  73  2755    -1
   52  66  1483    -1
   67  75  1518    -1
   69  79  1586    -1
   72  73   468    -1
   85  90  1046     1
  102 114  1743     1
  110 117   555    -1
End
