NMec = 98498
T = 25
P = 7
Profits ignored
Solution time = 3.089e-02
Maximum possible tasks = 13
Solutions = 1694
Task data
    0  33     1    -1
    2  10     1     0
    3  11     1     1
    4  22     1    -1
    4  24     1    -1
    6  16     1     2
    7  23     1    -1
    7  28     1    -1
    7  35     1    -1
    9  20     1     3
   10  21     1    -1
   10  35     1    -1
   10  35     1    -1
   11  27     1    -1
   13  19     1     0
   14  23     1    -1
   14  33     1    -1
   15  34     1     1
   15  34     1     4
   16  33     1     5
   16  33     1     6
   19  32     1     2
   20  24     1     0
   21  33     1     3
   30  35     1     0
End
