NMec = 98498
T = 25
P = 3
Profits not ignored
Solution time = 3.328e-02
Viable job selections = 1686095
Best total profit = 34495
Task data
    3  21  4330     0
    3  23  1543    -1
    6  20  2182    -1
    6  83  6827    -1
    7  20  1822    -1
   10  55  6758     1
   12  19  2221     2
   15  26  1785    -1
   17  28  2405    -1
   19  34  1561    -1
   20  25   508     2
   28  45  4096     0
   29  36   933     2
   37  64  5546     2
   40  48  1909    -1
   44  56  1077    -1
   46  58  1428    -1
   48  61  1432    -1
   49  65  3950     0
   56  66  1364     1
   64  72  1292    -1
   64  80  2101    -1
   70  82  1927     0
   73  81  1340     1
   76  83  1522     2
End
