NMec = 98498
T = 25
P = 8
Profits not ignored
Solution time = 3.422e-01
Viable job selections = 18173344
Best total profit = 34371
Task data
    1  14  2023     0
    1  16  1995     1
    2   5   574     2
    2  28  5662     3
    3  16  2542     4
    6  21  3804     2
    7  11  1127     5
    7  23  4629     6
    8  13   928    -1
    8  19  1951     7
    8  23  1648    -1
    9  27  2885    -1
   11  19  1634    -1
   11  22  1345    -1
   12  20  1164    -1
   13  25  1905    -1
   13  27  2787     5
   14  17   465    -1
   17  18   319    -1
   17  26  1269     0
   17  31  2452     1
   18  29  1275     4
   20  29  1550     7
   25  31   529     2
   29  30   202     0
End
