NMec = 98498
T = 25
P = 6
Profits not ignored
Solution time = 1.502e-01
Viable job selections = 7683800
Best total profit = 36766
Task data
    0  15  2661     0
    3  14  2146     1
    3  26  5173     2
    4  10   876    -1
    4  11  1501     3
    4  16  2057    -1
    5   9   638    -1
    6  19  2492     4
    6  28  3488    -1
    7  12  1027    -1
    7  14  2115    -1
    8  13   472    -1
    9  28  5278     5
   11  19   772    -1
   12  16   602    -1
   13  21  1152    -1
   14  22  1174    -1
   14  24  2319     3
   14  31  2335    -1
   15  21   820    -1
   16  36  5447     0
   18  25  1098     1
   21  40  4963     4
   26  29   596     1
   26  39  3092     3
End
