NMec = 98498
T = 25
P = 4
Profits not ignored
Solution time = 1.025e-01
Viable job selections = 5671238
Best total profit = 36527
Task data
    0  12  1814     0
    0  14  3839     1
    1   5   575    -1
    1  57  8918     2
    3   9   967    -1
    4  16  2516     3
    7  13  1319    -1
    8  29  1213    -1
   11  33  3878    -1
   12  20   888    -1
   13  58  7484     0
   15  21  1226     1
   16  28  1485    -1
   18  30  2826     3
   20  31  1559    -1
   21  35   921    -1
   23  36  1758     1
   26  36  1107    -1
   27  28   285    -1
   32  40   752     3
   40  46  1750     1
   41  52   958     3
   48  59  1491     1
   52  59  1284    -1
   53  58  1195     3
End
