NMec = 98498
T = 25
P = 1
Profits ignored
Solution time = 8.185e-05
Maximum possible tasks = 9
Solutions = 36
Task data
    5 195     1    -1
   10 237     1    -1
   16  33     1    -1
   21  37     1     0
   31 220     1    -1
   34  46     1    -1
   34 190     1    -1
   40  65     1    -1
   44  52     1     0
   54  71     1    -1
   55  68     1    -1
   63  80     1     0
   82  87     1     0
   88 193     1    -1
  134 146     1    -1
  141 150     1     0
  179 188     1     0
  185 204     1    -1
  188 196     1    -1
  191 197     1     0
  197 221     1    -1
  204 216     1     0
  215 236     1    -1
  217 226     1    -1
  223 245     1     0
End
