NMec = 98498
T = 25
P = 1
Profits not ignored
Solution time = 2.675e-04
Viable job selections = 10124
Best total profit = 57419
Task data
    5 195 22443    -1
   10 237 57419     0
   16  33  3911    -1
   21  37  1753    -1
   31 220 28715    -1
   34  46  3405    -1
   34 190 35521    -1
   40  65  1920    -1
   44  52  1311    -1
   54  71  1356    -1
   55  68  3312    -1
   63  80  1862    -1
   82  87   910    -1
   88 193 16910    -1
  134 146  1458    -1
  141 150  1994    -1
  179 188  1254    -1
  185 204  1774    -1
  188 196  1507    -1
  191 197   397    -1
  197 221  4243    -1
  204 216  1046    -1
  215 236  1764    -1
  217 226  1936    -1
  223 245  5423    -1
End
