NMec = 98498
T = 25
P = 4
Profits ignored
Solution time = 3.371e-02
Maximum possible tasks = 17
Solutions = 129
Task data
    0  12     1    -1
    0  14     1     0
    1   5     1     1
    1  57     1    -1
    3   9     1     2
    4  16     1     3
    7  13     1     1
    8  29     1    -1
   11  33     1    -1
   12  20     1     2
   13  58     1    -1
   15  21     1     0
   16  28     1    -1
   18  30     1    -1
   20  31     1    -1
   21  35     1     1
   23  36     1     0
   26  36     1     2
   27  28     1     3
   32  40     1     3
   40  46     1     0
   41  52     1     1
   48  59     1     0
   52  59     1     2
   53  58     1     1
End
