NMec = 98498
T = 25
P = 6
Profits ignored
Solution time = 5.156e-02
Maximum possible tasks = 16
Solutions = 128
Task data
    0  15     1    -1
    3  14     1    -1
    3  26     1    -1
    4  10     1     0
    4  11     1     1
    4  16     1    -1
    5   9     1     2
    6  19     1    -1
    6  28     1    -1
    7  12     1     3
    7  14     1     4
    8  13     1     5
    9  28     1    -1
   11  19     1     0
   12  16     1     1
   13  21     1    -1
   14  22     1    -1
   14  24     1     2
   14  31     1     3
   15  21     1     4
   16  36     1     5
   18  25     1     1
   21  40     1     0
   26  29     1     1
   26  39     1     2
End
