NMec = 98498
T = 25
P = 7
Profits not ignored
Solution time = 9.199e-02
Viable job selections = 3700845
Best total profit = 32250
Task data
    0  33  3676    -1
    2  10  1255     0
    3  11  1203     1
    4  22  2532    -1
    4  24  1340    -1
    6  16  1192     2
    7  23  1249    -1
    7  28  3799     3
    7  35  5411     4
    9  20  1728    -1
   10  21  1974    -1
   10  35  4490     5
   10  35  5438     6
   11  27  2613    -1
   13  19   731    -1
   14  23  1113    -1
   14  33  2918     0
   15  34  1919    -1
   15  34  1998    -1
   16  33  2150    -1
   16  33  2677     1
   19  32  2536     2
   20  24   578    -1
   21  33  1326    -1
   30  35  1331     3
End
