NMec = 98498
T = 26
P = 3
Profits ignored
Solution time = 1.570e-02
Maximum possible tasks = 13
Solutions = 2202
Task data
    0  84     1    -1
    3  24     1    -1
    5  27     1     0
    6  15     1     1
   16  35     1    -1
   19  26     1     1
   19  32     1    -1
   21  33     1    -1
   24  32     1     2
   27  34     1     1
   30  44     1    -1
   30  47     1    -1
   32  54     1     0
   40  66     1    -1
   41  50     1     1
   43  53     1     2
   48  69     1    -1
   58  64     1    -1
   60  75     1    -1
   60  76     1    -1
   61  69     1    -1
   61  76     1     0
   61  86     1     1
   62  74     1     2
   76  80     1     2
   78  84     1     0
End
