NMec = 98498
T = 26
P = 6
Profits not ignored
Solution time = 2.906e-01
Viable job selections = 11675196
Best total profit = 34231
Task data
    1  18  1239     0
    1  20  1948     1
    6  40  3260    -1
    7  12   729     2
    9  22  3230     3
   11  25  3806     4
   13  18  1092    -1
   13  18  1125    -1
   13  21  1197    -1
   14  35  2542    -1
   15  20  1621     2
   15  21  1301    -1
   15  25   861    -1
   16  32  3944     5
   17  40  3286    -1
   18  21   972    -1
   20  24   368    -1
   20  35  3489     0
   21  41  5869     1
   23  40  3219     2
   24  34  2922     3
   25  39  1573    -1
   29  37  1185    -1
   29  42  1478     4
   32  37   658    -1
   33  41   737     5
End
