NMec = 98498
T = 26
P = 2
Profits not ignored
Solution time = 2.878e-02
Viable job selections = 1224288
Best total profit = 34931
Task data
    3  17  3831     0
   13  22   729    -1
   14  35  4077     1
   21  27   541     0
   28  45  4313     0
   39  47  1405     1
   41  60  3661    -1
   47  58  1954     0
   48  64  1676    -1
   50  62  2925     1
   50  65  2687    -1
   53  76  4225    -1
   59  81  4314     0
   67  80  2983     1
   76  87  1289    -1
   76  87  1207    -1
   91 102  1848    -1
   92 111  2290    -1
   93 101  1933     0
   96 103  1281    -1
   98 108  2717     1
  101 112   822    -1
  102 115  1596    -1
  102 129  1731    -1
  106 126  2314     0
  114 128  1624     1
End
