NMec = 98498
T = 26
P = 8
Profits ignored
Solution time = 1.527e-01
Maximum possible tasks = 16
Solutions = 404
Task data
    0   8     1     0
    0   9     1     1
    0  13     1     2
    0  15     1     3
    1  13     1     4
    1  25     1    -1
    1  26     1    -1
    2  15     1     5
    3  11     1     6
    6  19     1    -1
    8  30     1    -1
    9  28     1    -1
    9  29     1    -1
   10  21     1    -1
   11  22     1    -1
   11  26     1    -1
   11  26     1    -1
   11  28     1     0
   12  22     1     1
   13  27     1     6
   13  31     1     7
   16  26     1     2
   16  27     1     3
   16  30     1     4
   18  32     1     5
   23  29     1     1
End
