NMec = 98498
T = 26
P = 7
Profits ignored
Solution time = 1.339e-01
Maximum possible tasks = 16
Solutions = 2025
Task data
    0   7     1     0
    0  16     1    -1
    1  20     1    -1
    2  20     1     1
    3  12     1     2
    3  31     1    -1
    4  27     1    -1
    5  18     1     3
    6  26     1    -1
    7  16     1     4
    8  23     1    -1
    8  23     1     0
   11  35     1    -1
   12  18     1     5
   12  24     1     6
   14  27     1    -1
   16  27     1    -1
   17  29     1    -1
   18  33     1     2
   19  27     1     3
   19  32     1     4
   22  26     1     1
   22  35     1     5
   24  26     1     0
   26  36     1     6
   30  33     1     0
End
