NMec = 98498
T = 26
P = 5
Profits not ignored
Solution time = 9.693e-02
Viable job selections = 3640510
Best total profit = 26289
Task data
    8  21  1443     0
    9  13   473     1
    9  19  1044     2
    9  34  2697    -1
   10  27  2483     3
   10  28  2017    -1
   11  19   656    -1
   11  33  4200     4
   15  23   981    -1
   15  37  3716     1
   17  36  3666    -1
   17  37  2938    -1
   18  27   912    -1
   19  25   536    -1
   19  43  3149    -1
   21  34  2859     2
   22  40  2353    -1
   23  46  3243     0
   27  34   641    -1
   29  44  1099    -1
   31  40  1579    -1
   31  43  2948     3
   32  37  1144    -1
   35  47  1963     2
   36  42   572    -1
   36  46  1917     4
End
