NMec = 98498
T = 26
P = 4
Profits not ignored
Solution time = 1.202e-01
Viable job selections = 5441282
Best total profit = 28057
Task data
    0  63  3777    -1
    6  13  1401     0
   10  23   990     1
   11  20  2115     2
   15  34  2302     0
   18  26   994     3
   19  44  2964    -1
   20  26   826    -1
   21  37  2774     2
   28  40  1689    -1
   28  41   951    -1
   29  49  2005    -1
   30  48  2831     1
   31  43  1186    -1
   35  50  1569    -1
   36  58  4084     0
   37  44  1138    -1
   37  63  5343     3
   43  54  1340    -1
   45  47   305    -1
   45  52   984    -1
   46  52  1717     2
   48  61  1652    -1
   51  59  1666     1
   51  61  1161    -1
   53  61  1840     2
End
