NMec = 98498
T = 26
P = 8
Profits not ignored
Solution time = 4.647e-01
Viable job selections = 19580478
Best total profit = 35137
Task data
    0   8  1056     0
    0   9  1037     1
    0  13  3091     2
    0  15  3086     3
    1  13  1355    -1
    1  25  3311     4
    1  26  1854    -1
    2  15  3139     5
    3  11  1056     6
    6  19  1767    -1
    8  30  4089     7
    9  28  3741     0
    9  29  2225    -1
   10  21  1677    -1
   11  22  1236    -1
   11  26  2814    -1
   11  26  3495     1
   11  28  1085    -1
   12  22  1720     6
   13  27  2299    -1
   13  31  1928    -1
   16  26   993     2
   16  27  1617     3
   16  30  2802     5
   18  32   915    -1
   23  29   904     6
End
