NMec = 98498
T = 26
P = 1
Profits ignored
Solution time = 6.598e-04
Maximum possible tasks = 11
Solutions = 144
Task data
    4  10     1    -1
    4  16     1     0
    8 152     1    -1
   11  28     1    -1
   13  27     1    -1
   23 255     1    -1
   26  29     1     0
   35  51     1     0
   46 151     1    -1
   51  73     1    -1
   61  75     1    -1
   69  88     1    -1
   72  77     1     0
   93 120     1    -1
  115 125     1    -1
  119 127     1     0
  138 152     1     0
  149 158     1    -1
  158 168     1     0
  183 190     1     0
  207 216     1     0
  215 231     1    -1
  219 233     1    -1
  220 237     1     0
  244 258     1    -1
  256 259     1     0
End
