NMec = 98498
T = 26
P = 7
Profits not ignored
Solution time = 3.710e-01
Viable job selections = 18302062
Best total profit = 36209
Task data
    0   7   601     0
    0  16  1908     1
    1  20  2587    -1
    2  20  3944     2
    3  12   789    -1
    3  31  4427     3
    4  27  6203     4
    5  18  1593    -1
    6  26  2209    -1
    7  16  1733     5
    8  23  3751     0
    8  23  1566    -1
   11  35  4491     6
   12  18   827    -1
   12  24  2683    -1
   14  27  2034    -1
   16  27  1415    -1
   17  29  1546    -1
   18  33  2474     1
   19  27  2072     5
   19  32   944    -1
   22  26   763    -1
   22  35  3106     2
   24  26   741    -1
   26  36  1091     0
   30  33   408     4
End
