NMec = 98498
T = 26
P = 2
Profits ignored
Solution time = 1.097e-02
Maximum possible tasks = 13
Solutions = 1404
Task data
    3  17     1     0
   13  22     1    -1
   14  35     1     1
   21  27     1     0
   28  45     1     0
   39  47     1     1
   41  60     1    -1
   47  58     1    -1
   48  64     1    -1
   50  62     1     0
   50  65     1     1
   53  76     1    -1
   59  81     1    -1
   67  80     1    -1
   76  87     1     0
   76  87     1     1
   91 102     1    -1
   92 111     1    -1
   93 101     1    -1
   96 103     1     0
   98 108     1    -1
  101 112     1     1
  102 115     1    -1
  102 129     1    -1
  106 126     1     0
  114 128     1     1
End
