NMec = 98498
T = 26
P = 1
Profits not ignored
Solution time = 1.715e-03
Viable job selections = 76530
Best total profit = 55615
Task data
    4  10  1258    -1
    4  16  2899     0
    8 152 11421    -1
   11  28  4063    -1
   13  27  1907    -1
   23 255 52083     0
   26  29   606    -1
   35  51  2965    -1
   46 151 12334    -1
   51  73  1908    -1
   61  75  1619    -1
   69  88  3750    -1
   72  77  1124    -1
   93 120  3983    -1
  115 125  1849    -1
  119 127   780    -1
  138 152  3858    -1
  149 158   788    -1
  158 168  2192    -1
  183 190  1586    -1
  207 216  1081    -1
  215 231  1259    -1
  219 233  2583    -1
  220 237  3008    -1
  244 258  3627    -1
  256 259   633     0
End
