NMec = 98498
T = 27
P = 6
Profits not ignored
Solution time = 1.223e+00
Viable job selections = 62120844
Best total profit = 32332
Task data
    0   3   698     0
    1  23  2133     1
    3   6   477     2
    3  15  1848     3
    4  12  1030     0
    4  28  3783     4
    5  13   818    -1
    7  20  1531     2
    8  28  2463    -1
   10  16   790    -1
   10  20  1503    -1
   11  31  6095     5
   12  25  1239    -1
   14  32  2149     0
   15  19   682    -1
   15  34  2166    -1
   19  28  1521     3
   22  36  2040     2
   26  39   986    -1
   28  31   758    -1
   28  38  1075     1
   30  40  2912     3
   32  33   218    -1
   32  37   548     4
   33  42   949     0
   33  43  2842     5
   37  42   701     2
End
