NMec = 98498
T = 27
P = 8
Profits not ignored
Solution time = 1.004e+00
Viable job selections = 54527198
Best total profit = 33583
Task data
    1  10  1322     0
    1  13  3124     1
    2  15   872    -1
    2  30  2858    -1
    3  10  1057    -1
    3  14  1317    -1
    3  22  1997    -1
    3  23  2157    -1
    4  24  3129     2
    5   7   261    -1
    5  14  1589    -1
    5  16  3406     3
    5  22  2783     4
    5  25  3924     5
    5  27  2858    -1
    6  32  4954     6
    7  18  2502     7
    8  17  1370    -1
   11  15   554     0
   14  16   378     1
   16  30  1333     0
   18  24  1157     1
   19  22   538     3
   19  31  1757     7
   23  31   937     3
   24  31  1602     4
   30  31   183     1
End
