NMec = 98498
T = 27
P = 4
Profits not ignored
Solution time = 1.758e-01
Viable job selections = 9518962
Best total profit = 42697
Task data
    2  18  2698     0
    3   8   592     1
    3  13  1962     2
    3  13   679    -1
    4  22  1411    -1
   11  50  9841     1
   12  30  2735    -1
   12  60 10080     3
   15  24  1740    -1
   16  22   894    -1
   17  28  1574    -1
   18  27  1740    -1
   18  36  4355     2
   21  40  3362    -1
   24  44  1482    -1
   24  47  5803     0
   31  42  3359    -1
   33  47  2760    -1
   35  49  1345    -1
   37  43  1782    -1
   40  47   674    -1
   41  44   616    -1
   42  56  3708     2
   43  60  2020    -1
   47  52   445    -1
   52  61  2453     0
   53  65  1205     1
End
