NMec = 98498
T = 27
P = 5
Profits not ignored
Solution time = 3.154e-01
Viable job selections = 14062722
Best total profit = 34521
Task data
    0  48  4011    -1
    3  17  1832     0
    4  10   505    -1
    4  22  2672    -1
    5  27  4747     1
    5  41  5961     2
    6  20  3617     3
    8  11   661     4
    8  20  1545    -1
   10  26  2403    -1
   13  32  1799    -1
   15  30  1552    -1
   15  40  4192     4
   17  32  1912    -1
   19  23  1223     0
   24  41  1878    -1
   27  32   871     0
   27  51  6749     3
   29  44  1961    -1
   29  51  1993    -1
   31  51  2200     1
   34  48  1601    -1
   38  49  1708     0
   39  44   543    -1
   40  43   526    -1
   40  46   594    -1
   45  52   760     2
End
