NMec = 98498
T = 27
P = 7
Profits not ignored
Solution time = 5.912e-01
Viable job selections = 25954201
Best total profit = 37342
Task data
    1  11   807    -1
    1  27  5067     0
    2  10  1545     1
    2  15  1358    -1
    2  19  2592     2
    2  24  1562    -1
    3  10  1404     3
    4  34  4851     4
    8  18   940    -1
    8  20  1467    -1
    9  22  2497     5
    9  23  1409    -1
   10  20  1503    -1
   10  31  4689     6
   11  26  1820    -1
   13  18   451     1
   13  36  3216    -1
   14  37  3257    -1
   15  23  1380    -1
   15  24  1877     3
   19  29  1387    -1
   20  36  3353     1
   20  37  1879    -1
   21  35  3411     2
   22  36  2579    -1
   24  37  2416     5
   27  38  3189     3
End
