NMec = 98498
T = 27
P = 1
Profits not ignored
Solution time = 6.229e-03
Viable job selections = 227922
Best total profit = 40042
Task data
    7  15   946    -1
    8  26  3863     0
   13  26   821    -1
   15  26  1976    -1
   19  27  1368    -1
   26 247 38643    -1
   31  47  2569    -1
   32  58  4273     0
   42  47   690    -1
   63  83  3509    -1
   63 146 21062     0
   66  85  3104    -1
   92 114  2117    -1
  111 132  2060    -1
  121 143  3966    -1
  123 128   859    -1
  139 153  3121    -1
  159 173  3253     0
  174 178  1300     0
  179 191  1459     0
  189 214  4297    -1
  194 200   838     0
  198 211  1891    -1
  201 216  2623     0
  227 236   940    -1
  232 244  1371     0
  241 243   414    -1
End
