NMec = 98498
T = 27
P = 2
Profits not ignored
Solution time = 2.084e-02
Viable job selections = 743868
Best total profit = 35946
Task data
    1  96 11130    -1
    4  10  1263     0
   10  24  2447     1
   13 126 15236     0
   15  41  1878    -1
   18  31  1205    -1
   20  26   777    -1
   27  37  1255    -1
   35  43  1490     1
   37  54  1908    -1
   38  56  2627    -1
   47 134 15510     1
   49  71  4342    -1
   52  63  1006    -1
   57  80  2326    -1
   61  67  1174    -1
   68  79  1006    -1
   68  92  3515    -1
   93 105  2138    -1
   93 122  3261    -1
   96 113  1777    -1
   99 124  2136    -1
  101 109  1044    -1
  105 122  2900    -1
  112 124  2123    -1
  114 123  1740    -1
  116 128   811    -1
End
