NMec = 98498
T = 28
P = 6
Profits not ignored
Solution time = 9.022e-01
Viable job selections = 47835260
Best total profit = 41601
Task data
    0  15  1446     0
    1  12  1349     1
    3  14  1967     2
    4   8   908     3
    4  14  1068    -1
    5  20  4095     4
    5  22  4403     5
    6  15  1391    -1
    8  28  3946    -1
    9  26  2433    -1
   10  22  3432    -1
   12  35  4490    -1
   12  45  7420     3
   13  21  1451    -1
   14  26  3333     1
   14  36  3934    -1
   16  33  3920     0
   17  34  3652     2
   20  31  2101    -1
   21  28  1264    -1
   21  36  2103    -1
   22  39  5081     4
   26  39  1464     5
   27  34  1172    -1
   28  32   415     1
   33  39   875     1
   36  38   399     0
   37  42   874     2
End
