NMec = 98498
T = 28
P = 1
Profits not ignored
Solution time = 3.302e-03
Viable job selections = 164274
Best total profit = 33861
Task data
    9  24  2775    -1
   11  16  1064     0
   23  43  2477     0
   34  56  2356    -1
   36  49  1333    -1
   42  56  1443    -1
   44  57  1906     0
   58  74  1489    -1
   60 187 17889     0
   63  82  2928    -1
   64  68   436    -1
   77 100  3960    -1
   84  98  1356    -1
   86  94   799    -1
   98 101   297    -1
   99 126  3756    -1
  108 116  1035    -1
  114 123  1251    -1
  120 133  3414    -1
  126 137  2678    -1
  148 153  1447    -1
  203 226  3055    -1
  204 228  6587     0
  211 224  2055    -1
  224 235  2590    -1
  226 243  5276    -1
  229 250  3341     0
  251 256   597     0
End
