NMec = 98498
T = 28
P = 4
Profits not ignored
Solution time = 1.860e-01
Viable job selections = 6642127
Best total profit = 46643
Task data
    0  69 11100     0
    2  22  2681    -1
    2  54 11965     1
    5   9  1399     2
    5  13   937    -1
    5  20  3046     3
    7  23  2837    -1
   13  29  2618     2
   22  31  1171     3
   26  48  2328    -1
   28  68  3855    -1
   30  47  1306    -1
   32  52  4224     2
   35  41  1531     3
   36  57  3486    -1
   38  53  1433    -1
   40  52  1756    -1
   41  61  2945    -1
   41  64  3039    -1
   43  58  3107    -1
   47  60  3450     3
   52  68  2539    -1
   53  66  1567    -1
   53  67  2509     2
   54  66  1768    -1
   55  65  2505    -1
   56  68  3630     1
   57  65  1719    -1
End
