NMec = 98498
T = 28
P = 8
Profits ignored
Solution time = 7.378e-01
Maximum possible tasks = 20
Solutions = 125
Task data
    0  15     1     0
    0  33     1    -1
    1   6     1     1
    1  10     1     2
    2  13     1     3
    3  14     1     4
    3  21     1    -1
    3  30     1    -1
    4  24     1    -1
    5  24     1    -1
    6  24     1    -1
    6  26     1    -1
    8  17     1     1
    8  21     1     5
    8  30     1    -1
   11  20     1     2
   13  26     1     6
   14  24     1     3
   14  27     1     7
   18  26     1     0
   20  26     1     1
   21  33     1     2
   21  34     1     4
   23  29     1     5
   26  30     1     3
   27  33     1     0
   28  31     1     1
   30  31     1     5
End
