NMec = 98498
T = 28
P = 7
Profits not ignored
Solution time = 8.615e-01
Viable job selections = 36681246
Best total profit = 36127
Task data
    1   9   875     0
    1  15  2294     1
    1  24  2346    -1
    2  10  1147     2
    2  30  2868    -1
    3  29  3976     3
    6  28  3230    -1
    6  29  4244     4
    7  32  2293    -1
    8  32  4187     5
    9  15  1000     6
   11  19  1822    -1
   11  29  1969    -1
   12  19   580    -1
   12  26  3383     0
   12  27  1833    -1
   12  34  3333    -1
   14  24  1966     2
   15  31  2645    -1
   16  39  3556     1
   17  34  4310     6
   23  34  1037    -1
   24  33  1309    -1
   25  34  2153     2
   26  36  1008    -1
   28  35  1708     0
   28  39  1586    -1
   30  39  1328     3
End
