NMec = 98498
T = 28
P = 6
Profits ignored
Solution time = 2.855e-01
Maximum possible tasks = 17
Solutions = 5182
Task data
    0  15     1    -1
    1  12     1     0
    3  14     1    -1
    4   8     1     1
    4  14     1    -1
    5  20     1     2
    5  22     1    -1
    6  15     1     3
    8  28     1    -1
    9  26     1     1
   10  22     1     4
   12  35     1    -1
   12  45     1    -1
   13  21     1     0
   14  26     1     5
   14  36     1    -1
   16  33     1    -1
   17  34     1    -1
   20  31     1    -1
   21  28     1     2
   21  36     1     3
   22  39     1     0
   26  39     1     4
   27  34     1     1
   28  32     1     5
   33  39     1     2
   36  38     1     1
   37  42     1     3
End
