NMec = 98498
T = 28
P = 3
Profits not ignored
Solution time = 2.025e-01
Viable job selections = 7710016
Best total profit = 47180
Task data
    1  10  2221     0
    8  67 17389     1
   12  20  1020     0
   12  23  1499    -1
   15  23  1740     2
   23  24   509     0
   24  45  3257     2
   28  42  3733     0
   28  55  1934    -1
   30  36  1131    -1
   34  41  1121    -1
   45  63  2555    -1
   48  67  1770    -1
   49  57  1893    -1
   51  76  5745     0
   53  64  2909     2
   56  85  2107    -1
   65  80  1399     2
   66  87  2023    -1
   67  85  2113    -1
   68  87  3573     1
   69  83  3066    -1
   70  90  1590    -1
   73  92  2440    -1
   74  81   790    -1
   78  88  1947     0
   81  92  1738     2
   83  90  1116    -1
End
