NMec = 98498
T = 28
P = 1
Profits ignored
Solution time = 1.090e-03
Maximum possible tasks = 12
Solutions = 36
Task data
    9  24     1    -1
   11  16     1     0
   23  43     1     0
   34  56     1    -1
   36  49     1    -1
   42  56     1    -1
   44  57     1     0
   58  74     1    -1
   60 187     1    -1
   63  82     1    -1
   64  68     1     0
   77 100     1    -1
   84  98     1    -1
   86  94     1     0
   98 101     1     0
   99 126     1    -1
  108 116     1    -1
  114 123     1     0
  120 133     1    -1
  126 137     1     0
  148 153     1     0
  203 226     1    -1
  204 228     1    -1
  211 224     1     0
  224 235     1    -1
  226 243     1    -1
  229 250     1     0
  251 256     1     0
End
