NMec = 98498
T = 28
P = 2
Profits not ignored
Solution time = 8.516e-02
Viable job selections = 3298875
Best total profit = 30045
Task data
    0  12  1679     0
    2  15  3676     1
    3   5   194    -1
    3  17  1085    -1
    9  22  1421    -1
   27  51  3516     0
   29  44  1901     1
   43  56  1180    -1
   46  67  2871     1
   48  55   849    -1
   51  73  2214    -1
   57  65   738    -1
   58  81  3976     0
   60  69  1230    -1
   71  97  3856     1
   78  84  1061    -1
   79  91  2468    -1
   80  90   996    -1
  102 125  2219    -1
  105 108   621     0
  106 116  1923     1
  107 120   937    -1
  112 127  2286    -1
  113 118  1596     0
  113 120  1219    -1
  113 126  1287    -1
  118 127  1491     1
  120 138  2939     0
End
