NMec = 98498
T = 28
P = 4
Profits ignored
Solution time = 6.269e-02
Maximum possible tasks = 14
Solutions = 4740
Task data
    0  69     1    -1
    2  22     1    -1
    2  54     1    -1
    5   9     1     0
    5  13     1     1
    5  20     1     2
    7  23     1     3
   13  29     1     0
   22  31     1     1
   26  48     1    -1
   28  68     1    -1
   30  47     1    -1
   32  52     1     0
   35  41     1     1
   36  57     1    -1
   38  53     1     2
   40  52     1     3
   41  61     1    -1
   41  64     1    -1
   43  58     1    -1
   47  60     1    -1
   52  68     1    -1
   53  66     1    -1
   53  67     1    -1
   54  66     1     0
   55  65     1     1
   56  68     1     2
   57  65     1     3
End
