NMec = 98498
T = 28
P = 5
Profits not ignored
Solution time = 7.779e-01
Viable job selections = 32514867
Best total profit = 37246
Task data
    0  38  4685     0
    1   7  1178     1
    3  16  2643     2
    3  18  2676     3
    4   8   524     4
    5  17  1110    -1
   10  24  1208     1
   11  17   698    -1
   11  28  3373    -1
   11  32  3986     4
   18  51  7058     2
   19  31  1518    -1
   19  40  2272    -1
   21  35  3656     3
   23  27   636    -1
   24  49  4161    -1
   25  47  3981     1
   26  36  1688    -1
   27  36  1629    -1
   27  40  1779    -1
   28  49  3672    -1
   28  50  2525    -1
   37  55  1603     3
   39  53  2366     0
   40  47   746    -1
   41  51  1105    -1
   45  53  1682     4
   46  51  1038    -1
End
