NMec = 98498
T = 29
P = 6
Profits not ignored
Solution time = 4.378e+00
Viable job selections = 218498107
Best total profit = 44946
Task data
    1   9  1482     0
    1  17  1356    -1
    1  19  2143    -1
    2   9  1616     1
    2  11  1323     2
    2  26  2778     3
    3  11  1563     4
    3  24  4937     5
    7  18  1440    -1
   10  12   355     0
   10  33  4264     1
   13  28  2510    -1
   13  44  5999     0
   16  29  3484     2
   16  33  4016     4
   19  24   780    -1
   19  41  2387    -1
   20  30   881    -1
   21  32  1181    -1
   22  30   830    -1
   26  32   790     5
   26  33   601    -1
   27  28   322     3
   30  45  2133     2
   31  40  2455     3
   33  48  3580     5
   36  41  1514    -1
   38  48  1837     1
   39  48  2012     4
End
