NMec = 98498
T = 29
P = 6
Profits ignored
Solution time = 1.386e+00
Maximum possible tasks = 20
Solutions = 5117
Task data
    1   9     1    -1
    1  17     1    -1
    1  19     1    -1
    2   9     1     0
    2  11     1     1
    2  26     1     2
    3  11     1     3
    3  24     1     4
    7  18     1     5
   10  12     1     0
   10  33     1    -1
   13  28     1    -1
   13  44     1    -1
   16  29     1    -1
   16  33     1    -1
   19  24     1     0
   19  41     1    -1
   20  30     1     1
   21  32     1     3
   22  30     1     5
   26  32     1     0
   26  33     1     4
   27  28     1     2
   30  45     1     2
   31  40     1     1
   33  48     1     0
   36  41     1     3
   38  48     1     4
   39  48     1     5
End
