NMec = 98498
T = 29
P = 8
Profits ignored
Solution time = 2.373e-01
Maximum possible tasks = 13
Solutions = 265344
Task data
    0  15     1     0
    0  18     1    -1
    1  25     1    -1
    2  28     1    -1
    2  31     1    -1
    3  26     1    -1
    4  23     1    -1
    5  20     1    -1
    6  22     1    -1
    6  27     1    -1
    7  27     1    -1
    8  26     1    -1
    8  32     1    -1
    9  19     1    -1
    9  30     1    -1
   10  23     1     1
   11  30     1    -1
   12  20     1     2
   13  20     1     3
   13  24     1     4
   13  29     1    -1
   15  29     1     5
   17  33     1     0
   17  34     1     6
   17  36     1     7
   22  35     1     2
   24  36     1     1
   25  34     1     3
   27  36     1     4
End
