NMec = 98498
T = 29
P = 5
Profits not ignored
Solution time = 1.285e+00
Viable job selections = 73713048
Best total profit = 44336
Task data
    1  10  1598     0
    2  13  1044    -1
    2  56  9291     1
    6  20  1972    -1
    6  21  2807     2
    6  32  3969    -1
    7  21  2233    -1
    7  54  7918     3
    8  20  2146    -1
   10  43  6850     4
   11  25  2745     0
   11  29  1750    -1
   12  36  3191    -1
   13  25  1299    -1
   21  30  1218    -1
   23  33  1269    -1
   24  34  1152    -1
   24  35  2605     2
   27  30   656    -1
   28  34  1669     0
   34  40  1595    -1
   36  46  1436    -1
   37  53  3678     0
   39  50  1695    -1
   39  56  3107     2
   40  45   715    -1
   43  51   914    -1
   50  57  1341     4
   54  57   727     0
End
