NMec = 98498
T = 29
P = 5
Profits ignored
Solution time = 3.896e-01
Maximum possible tasks = 19
Solutions = 500
Task data
    1  10     1     0
    2  13     1    -1
    2  56     1    -1
    6  20     1    -1
    6  21     1     1
    6  32     1    -1
    7  21     1     2
    7  54     1    -1
    8  20     1     3
   10  43     1    -1
   11  25     1     0
   11  29     1    -1
   12  36     1    -1
   13  25     1     4
   21  30     1    -1
   23  33     1     1
   24  34     1     2
   24  35     1     3
   27  30     1     0
   28  34     1     4
   34  40     1     0
   36  46     1    -1
   37  53     1     1
   39  50     1     2
   39  56     1     3
   40  45     1     4
   43  51     1     0
   50  57     1     4
   54  57     1     0
End
