NMec = 98498
T = 29
P = 2
Profits ignored
Solution time = 6.641e-03
Maximum possible tasks = 12
Solutions = 784
Task data
    8  48     1    -1
   10 144     1    -1
   15  35     1    -1
   17  36     1    -1
   18  35     1    -1
   22  26     1     0
   26  39     1    -1
   27  43     1    -1
   34  55     1     0
   35  45     1     1
   48  74     1    -1
   54  76     1    -1
   56  64     1    -1
   57  65     1     0
   58  72     1    -1
   58  73     1    -1
   59  68     1     1
   67  77     1     0
   72 122     1    -1
   89 114     1    -1
   94 105     1     0
   96 121     1    -1
  103 108     1     1
  107 116     1    -1
  108 117     1     0
  109 121     1     1
  117 141     1    -1
  132 142     1     0
  133 144     1     1
End
