NMec = 98498
T = 29
P = 8
Profits not ignored
Solution time = 7.464e-01
Viable job selections = 34249081
Best total profit = 42391
Task data
    0  15  4171     0
    0  18  4245     1
    1  25  1639    -1
    2  28  1833    -1
    2  31  4831     2
    3  26  2302    -1
    4  23  3476     3
    5  20  2157    -1
    6  22  1936    -1
    6  27  1668    -1
    7  27  5459     4
    8  26  3620     5
    8  32  5782     6
    9  19  1980    -1
    9  30  3517     7
   10  23  1368    -1
   11  30  1669    -1
   12  20  1131    -1
   13  20   902    -1
   13  24  1845    -1
   13  29  2223    -1
   15  29  3226    -1
   17  33  1877    -1
   17  34  2042     0
   17  36  1863    -1
   22  35   837    -1
   24  36  1601     1
   25  34  2132     3
   27  36  1515     5
End
