NMec = 98498
T = 29
P = 2
Profits not ignored
Solution time = 2.455e-02
Viable job selections = 1049620
Best total profit = 38768
Task data
    8  48  5078     0
   10 144 15910    -1
   15  35  2761    -1
   17  36  2420    -1
   18  35  2082    -1
   22  26   492     1
   26  39  2280    -1
   27  43  1474    -1
   34  55  2473     1
   35  45  1294    -1
   48  74  5154    -1
   54  76  5029     0
   56  64  1311    -1
   57  65   937    -1
   58  72  1945    -1
   58  73  1922    -1
   59  68  1939     1
   67  77  1203    -1
   72 122  9345     1
   89 114  5656     0
   94 105  1684    -1
   96 121  4816    -1
  103 108  1164    -1
  107 116   829    -1
  108 117  1944    -1
  109 121   939    -1
  117 141  5856     0
  132 142  1604    -1
  133 144  2900     1
End
