NMec = 98498
T = 29
P = 4
Profits not ignored
Solution time = 6.176e-01
Viable job selections = 30376772
Best total profit = 41677
Task data
    1  26  6783     0
    6   9   414     1
    7  29  3641     2
   11  26  2071    -1
   12  28  3819     1
   13  20   955    -1
   14  58  5456    -1
   15  32  3001     3
   17  27  1447    -1
   17  41  2053    -1
   18  22   540    -1
   19  68  6618    -1
   27  35   686    -1
   28  47  3686     0
   30  33   476     1
   30  68  5360     2
   33  52  3197     3
   34  38   494     1
   35  48  1842    -1
   36  48  2961    -1
   38  49  1486    -1
   39  66  5879     1
   44  62  4080    -1
   45  67  4127    -1
   52  58  1466     0
   55  65  1628    -1
   55  69  2361     3
   60  67  1100     0
   63  68   984    -1
End
