NMec = 98498
T = 29
P = 7
Profits not ignored
Solution time = 2.160e+00
Viable job selections = 88975228
Best total profit = 46793
Task data
    1  12  2541     0
    1  37  8333     1
    2  25  3931     2
    3  10  1918     3
    4   9   899     4
    4  40  5368     5
    5  16   708    -1
    6  22  3707     6
    8  17  2167    -1
   10  24  1585    -1
   10  31  5545     4
   11  19  1628     3
   11  23  1381    -1
   13  16   439     0
   13  39  2672    -1
   14  27  1479    -1
   15  34  3112    -1
   17  34  1799    -1
   18  23  1070    -1
   18  25   435    -1
   18  37  4439     0
   19  20   312    -1
   19  29  1486    -1
   20  38  1637    -1
   22  38  4594     3
   23  41  2206     6
   24  31  1250    -1
   24  37  1311    -1
   30  35  1245     2
End
