NMec = 98498
T = 29
P = 1
Profits not ignored
Solution time = 1.640e-02
Viable job selections = 868948
Best total profit = 44982
Task data
   17  26  1797    -1
   18 170 32531     0
   22  31  1795    -1
   24  37  1459    -1
   28  32  1324    -1
   32  39  1157    -1
   54  60   575    -1
   65  74   848    -1
   79  82  1018    -1
   81  98  1505    -1
   98 104   762    -1
  101 110   690    -1
  116 123  1502    -1
  117 128   791    -1
  120 129  2376    -1
  120 225  9501    -1
  159 185  4636    -1
  164 178  2455    -1
  177 196  1495     0
  191 209  2089    -1
  203 212  1289     0
  216 223  2373     0
  220 238  3270    -1
  234 254  5535     0
  240 252  1572    -1
  248 257  1910    -1
  254 264  1059    -1
  268 269   449     0
  273 286  1310     0
End
