NMec = 98498
T = 29
P = 3
Profits not ignored
Solution time = 5.135e-01
Viable job selections = 26985124
Best total profit = 39904
Task data
    0  12  1793     0
   11  17   757     1
   12  13   144     2
   14  38  3000    -1
   15  91  9381     0
   16  26  2801     2
   17  26  1275    -1
   21  28  1386     1
   24  33  1961    -1
   27  45  4039     2
   29  39  1681    -1
   29  68  8824     1
   30  44  1709    -1
   30  49  2264    -1
   32  38   756    -1
   37  54  2119    -1
   43  49   775    -1
   47  61  2920     2
   58  66  1218    -1
   58  75  1198    -1
   59  67   767    -1
   60  70  1146    -1
   63  74  2474    -1
   65  93  4555     2
   71  84  1676     1
   73  93  1988    -1
   76  96  1697    -1
   80  91  1986    -1
   87  93  1628     1
End
