NMec = 98498
T = 30
P = 8
Profits not ignored
Solution time = 7.631e+00
Viable job selections = 336846210
Best total profit = 39935
Task data
    0   8  2118     0
    0  16  1445    -1
    0  16  3194     1
    0  20  1425    -1
    2  24  5532     2
    3  14  1899     3
    4  12   986     4
    4  18   895    -1
    4  18  2692     5
    4  32  2105    -1
    5  11   732     6
    6  32  1837    -1
    7  20  1780    -1
    8  17  2012     7
    9  29  1667    -1
   10  32  5064     0
   11  21  1475    -1
   14  21   655    -1
   14  24  1197     4
   14  27  2439     6
   15  24  1051     3
   15  31  1687    -1
   18  21   489     1
   19  26   681     5
   20  29  1453     7
   22  32  1998     1
   25  32  1355     2
   25  36  2888     3
   26  35  1069     4
   30  37  1086     5
End
