NMec = 98498
T = 30
P = 4
Profits not ignored
Solution time = 3.354e-01
Viable job selections = 17772756
Best total profit = 40787
Task data
    0  19  1477    -1
    1  26  2585    -1
    2  17  2629     0
    4  57  8512     1
    5  22  3752    -1
    7  21  1597    -1
    8  11   520     2
    8  72 13616     3
    9  43  6748    -1
   11  24   887    -1
   11  30  1861    -1
   12  28  2163    -1
   13  31  4120     2
   15  27  2533    -1
   16  21   985    -1
   18  35  2382     0
   22  42  2962    -1
   25  26   290    -1
   26  28   229    -1
   32  35   382    -1
   33  50  2700     2
   34  42  1441    -1
   35  46  2486    -1
   36  48  2093    -1
   38  54  1659    -1
   39  52  2491     0
   41  68  2280    -1
   42  58  2413    -1
   54  65  1532     0
   56  66  2285     2
End
