NMec = 98498
T = 30
P = 2
Profits not ignored
Solution time = 1.925e-02
Viable job selections = 940404
Best total profit = 52699
Task data
    5  10  1061     0
    7  12   848     1
   12  30  3177    -1
   17 122 22519     0
   19 125 26738     1
   23  38  1458    -1
   30  54  4114    -1
   31  92  8348    -1
   39  59  2093    -1
   42  61  4516    -1
   42  62  2583    -1
   43 103 11125    -1
   45  69  4389    -1
   50  53  1057    -1
   53  59   707    -1
   54  92 10868    -1
   55 133 10748    -1
   58  70  2682    -1
   69 137 12780    -1
   71  91  2132    -1
   83  86   308    -1
   84 103  3804    -1
   96 105   946    -1
  101 105   389    -1
  105 125  3307    -1
  106 130  5777    -1
  110 124  1774    -1
  111 121  1357    -1
  120 144  5190    -1
  135 145  1533     0
End
