NMec = 98498
T = 30
P = 5
Profits ignored
Solution time = 1.647e-01
Maximum possible tasks = 16
Solutions = 2302
Task data
    1  12     1     0
    3  21     1     1
    6  40     1    -1
    7  34     1    -1
    8  35     1    -1
    9  24     1     2
   11  19     1     3
   11  51     1    -1
   11  55     1    -1
   12  29     1    -1
   13  35     1    -1
   15  30     1    -1
   17  34     1    -1
   19  33     1    -1
   19  55     1    -1
   20  29     1     0
   22  39     1    -1
   27  30     1     1
   27  30     1     2
   28  37     1     3
   28  41     1    -1
   29  39     1     4
   33  57     1    -1
   34  43     1     0
   35  45     1     1
   38  43     1     2
   38  46     1     3
   42  55     1     4
   48  59     1     0
   52  59     1     1
End
