NMec = 98498
T = 30
P = 2
Profits ignored
Solution time = 6.709e-03
Maximum possible tasks = 14
Solutions = 30
Task data
    5  10     1     0
    7  12     1     1
   12  30     1     0
   17 122     1    -1
   19 125     1    -1
   23  38     1     1
   30  54     1    -1
   31  92     1    -1
   39  59     1    -1
   42  61     1    -1
   42  62     1    -1
   43 103     1    -1
   45  69     1    -1
   50  53     1     0
   53  59     1     1
   54  92     1    -1
   55 133     1    -1
   58  70     1     0
   69 137     1    -1
   71  91     1     0
   83  86     1     1
   84 103     1    -1
   96 105     1     0
  101 105     1     1
  105 125     1    -1
  106 130     1    -1
  110 124     1    -1
  111 121     1     0
  120 144     1     1
  135 145     1     0
End
