NMec = 98498
T = 30
P = 1
Profits not ignored
Solution time = 1.081e-02
Viable job selections = 347200
Best total profit = 23239
Task data
    1  17  3705    -1
    5  28  4259     0
    9  17   700    -1
   40  47  1030     0
   72  92  2863     0
   74  76   378    -1
   86  99  1415    -1
   91 100  1235    -1
   99 122  3093     0
  106 108   429    -1
  116 118   708    -1
  130 134   561     0
  145 153  1415     0
  158 160   429    -1
  158 167  1761    -1
  159 172  1587    -1
  160 183  2033     0
  200 225  3180     0
  201 215  2335    -1
  210 213   240    -1
  210 221  2870    -1
  212 223  2714    -1
  213 218   966    -1
  213 231  1556    -1
  216 219   757    -1
  216 243  1917    -1
  219 231  1892    -1
  221 241  1738    -1
  230 252  3239     0
  269 280  1566     0
End
