NMec = 98498
T = 30
P = 6
Profits not ignored
Solution time = 1.822e+00
Viable job selections = 71159010
Best total profit = 36641
Task data
    0  48  4533     0
    1  20  1970     1
    3  14   688    -1
    4  31  1980    -1
    5  28  3730     2
    7  12   973    -1
    7  23  2669     3
    8  21  1399     4
    9  16  1391     5
   11  25  1454    -1
   16  32  1103    -1
   16  39  2496    -1
   17  42  3401    -1
   22  31  1191    -1
   22  32  1356     1
   22  37  2073    -1
   23  32  1222    -1
   24  40  4039     3
   24  44  4011     4
   25  33  1347    -1
   25  48  5823     5
   27  40  1284    -1
   29  38   801    -1
   31  37   752    -1
   31  39  1225    -1
   31  41  2639     2
   33  42  1415    -1
   36  46  3081     1
   37  45   613    -1
   37  48   896    -1
End
