NMec = 98498
T = 30
P = 7
Profits ignored
Solution time = 1.085e+00
Maximum possible tasks = 19
Solutions = 325
Task data
    2  12     1     0
    3   8     1     1
    3  16     1     2
    3  21     1     3
    4  16     1     4
    6  21     1     5
    8  29     1    -1
   11  30     1    -1
   11  31     1    -1
   12  28     1    -1
   13  27     1    -1
   13  33     1    -1
   14  21     1     0
   14  28     1    -1
   15  29     1     1
   16  35     1    -1
   17  21     1     2
   17  27     1     4
   17  32     1    -1
   19  41     1    -1
   20  31     1    -1
   22  39     1     0
   23  35     1     2
   24  27     1     3
   24  34     1     5
   26  42     1     6
   28  34     1     3
   30  37     1     1
   30  41     1     4
   35  42     1     3
End
