NMec = 98498
T = 30
P = 3
Profits not ignored
Solution time = 1.341e-01
Viable job selections = 6888462
Best total profit = 39412
Task data
    0  98  9757    -1
    7  20  3435     0
   14  31  2492    -1
   18  25  2127     1
   18  34  3143    -1
   19  28   980    -1
   19  30  1207    -1
   19  30  2785     2
   22  42  5355     0
   23  37  1870    -1
   23  40  1269    -1
   25  32  1785    -1
   26  43  1485    -1
   27  36  1675    -1
   30  54  5693     1
   34  57  3261     2
   41  59  3188    -1
   42  64  3044    -1
   45  71  6175     0
   46  64  3378    -1
   56  63   871    -1
   57  61   920     1
   58  67  1373    -1
   58  70  2708     2
   63  64   495     1
   64  73   982    -1
   65  81  2517    -1
   65  82  2804     1
   75  85  1334     0
   75  99  2320     2
End
