NMec = 98498
T = 30
P = 7
Profits not ignored
Solution time = 3.433e+00
Viable job selections = 168483032
Best total profit = 38553
Task data
    2  12  1004     0
    3   8  1438     1
    3  16  1904     2
    3  21  3436     3
    4  16  1088     4
    6  21  2550     5
    8  29  3600     6
   11  30  3521     1
   11  31  3116    -1
   12  28  2038    -1
   13  27  1696    -1
   13  33  1224    -1
   14  21   854    -1
   14  28  1316    -1
   15  29   921    -1
   16  35  2072    -1
   17  21   855     0
   17  27  2318     2
   17  32  3719     4
   19  41  2455    -1
   20  31  1611    -1
   22  39  3547     0
   23  35  1738    -1
   24  27   879     3
   24  34  1351    -1
   26  42  2477     5
   28  34  1896     2
   30  37  1569     3
   30  41  1559     6
   35  42  1193     1
End
