NMec = 98498
T = 30
P = 5
Profits not ignored
Solution time = 5.228e-01
Viable job selections = 28849002
Best total profit = 37871
Task data
    1  12   967     0
    3  21  3964     1
    6  40  2890    -1
    7  34  3906    -1
    8  35  5759     2
    9  24  2138    -1
   11  19  1721    -1
   11  51  4613    -1
   11  55  4848    -1
   12  29  3384    -1
   13  35  5393     0
   15  30  4360     3
   17  34  3915     4
   19  33  3174    -1
   19  55  4799    -1
   20  29  1658    -1
   22  39  2307     1
   27  30   448    -1
   27  30   420    -1
   28  37  1690    -1
   28  41  1981    -1
   29  39  1097    -1
   33  57  2183     3
   34  43  1474    -1
   35  45  1520     4
   38  43   679     0
   38  46   728     2
   42  55  3321     1
   48  59  1733     0
   52  59  1042     2
End
