NMec = 98498
T = 31
P = 5
Profits not ignored
Solution time = 1.233e+00
Viable job selections = 36989456
Best total profit = 46114
Task data
    3  16  3219     0
    4  58 10000     1
    6  51  6256    -1
    7  25  2240    -1
    8  17  1536    -1
    8  19  2123    -1
    8  46  8350     2
    9  24  1722    -1
   13  29  3070     3
   13  56  8797     4
   15  20  1018    -1
   15  28  2618    -1
   16  29  1496    -1
   20  44  2191    -1
   23  29  1169     0
   23  43  1774    -1
   28  48  1794    -1
   31  49  1876    -1
   34  54  2644    -1
   35  49  1127    -1
   36  44  2043     0
   36  57  6084     3
   37  53  3290    -1
   39  50  1592    -1
   40  54  3001    -1
   41  52  1074    -1
   43  57  1483    -1
   47  54   847    -1
   47  57  2040     0
   48  53   543    -1
   49  55  1342     2
End
