NMec = 98498
T = 31
P = 3
Profits ignored
Solution time = 4.115e-01
Maximum possible tasks = 16
Solutions = 27510
Task data
    1  10     1    -1
    1  16     1    -1
    2  18     1     0
    3  14     1     1
    3  14     1     2
   19 100     1    -1
   26  32     1    -1
   26  43     1    -1
   27  34     1     0
   29  31     1     1
   30  36     1     2
   33  55     1    -1
   34  58     1    -1
   40  56     1    -1
   44  62     1    -1
   45  56     1     0
   45  59     1    -1
   50  58     1     1
   50  70     1    -1
   51  61     1     2
   58  69     1     0
   64  75     1     1
   65  77     1     2
   65  90     1    -1
   76  86     1    -1
   76  93     1    -1
   76  99     1    -1
   77  84     1     0
   77  92     1     1
   83  98     1     2
   90  98     1     0
End
