NMec = 98498
T = 31
P = 7
Profits not ignored
Solution time = 8.745e+00
Viable job selections = 366432975
Best total profit = 44447
Task data
    0  14  1466     0
    2  10  1407     1
    2  44  9954     2
    4  26  2084     3
    6  15   895     4
    6  20   966    -1
    7  17  2399     5
    8  16  2291     6
   12  17   677    -1
   13  22  2150     1
   14  23   925    -1
   14  28  2822    -1
   15  33  4166    -1
   15  36  4809     0
   15  40  2354    -1
   16  25  1255    -1
   16  38  3946     4
   20  29  2264     5
   21  31  1418    -1
   21  39  3158     6
   22  31  1537    -1
   22  37  1791    -1
   22  38  1523    -1
   23  43  2728     1
   27  36   925    -1
   27  43  1746    -1
   28  33   477    -1
   28  42  3077     3
   29  37  1569    -1
   34  37   497     5
   38  43  1322     0
End
