NMec = 98498
T = 31
P = 3
Profits not ignored
Solution time = 1.372e+00
Viable job selections = 61379708
Best total profit = 45537
Task data
    1  10  1643    -1
    1  16  3915     0
    2  18  2573     1
    3  14  1332    -1
    3  14  2486     2
   19 100 15742     0
   26  32   993     1
   26  43  1825    -1
   27  34  2103     2
   29  31   376    -1
   30  36  1070    -1
   33  55  3586    -1
   34  58  4763     1
   40  56  1717    -1
   44  62  2386    -1
   45  56  1364    -1
   45  59  2532     2
   50  58  1242    -1
   50  70  1524    -1
   51  61  1293    -1
   58  69  1478    -1
   64  75  1385    -1
   65  77  1648     1
   65  90  4939     2
   76  86  1074    -1
   76  93  3518    -1
   76  99  3029    -1
   77  84   722    -1
   77  92  2560    -1
   83  98  3843     1
   90  98  1875    -1
End
