NMec = 98498
T = 31
P = 6
Profits ignored
Solution time = 1.575e+00
Maximum possible tasks = 19
Solutions = 465
Task data
    0  48     1    -1
    3  51     1    -1
    4  13     1    -1
    4  13     1     0
    5   7     1     1
    5  14     1     2
    5  16     1     3
    5  16     1     4
    8  15     1     1
    9  41     1    -1
   11  33     1    -1
   12  28     1    -1
   13  24     1     5
   14  32     1     0
   15  24     1     2
   16  35     1     1
   22  29     1     3
   23  34     1     4
   24  39     1    -1
   24  45     1    -1
   25  42     1    -1
   25  46     1    -1
   30  40     1    -1
   30  44     1    -1
   31  37     1     2
   31  43     1     3
   31  48     1     5
   33  41     1     0
   35  39     1     4
   36  48     1     1
   42  46     1     0
End
