NMec = 98498
T = 31
P = 2
Profits ignored
Solution time = 5.302e-02
Maximum possible tasks = 16
Solutions = 84
Task data
    0 149     1    -1
   14  26     1     0
   19  43     1    -1
   21  36     1     1
   34  50     1     0
   37  44     1     1
   39  62     1    -1
   43  68     1    -1
   45  53     1     1
   46  69     1    -1
   48 133     1    -1
   52  58     1    -1
   52  60     1    -1
   55  62     1     0
   56  84     1     1
   65 102     1    -1
   73  97     1     0
   87 100     1     1
   99 109     1     0
  100 115     1    -1
  104 119     1    -1
  109 118     1    -1
  110 117     1     0
  115 122     1     1
  118 123     1     0
  123 133     1     1
  126 136     1    -1
  127 136     1    -1
  127 147     1    -1
  132 143     1     0
  136 144     1     1
End
