NMec = 98498
T = 31
P = 4
Profits ignored
Solution time = 1.224e+00
Maximum possible tasks = 19
Solutions = 14915
Task data
    5  77     1    -1
    6  19     1    -1
    7  17     1    -1
    8  14     1    -1
    8  28     1    -1
    9  16     1     0
    9  30     1    -1
   10  22     1    -1
   11  17     1     1
   12  23     1     2
   13  23     1     3
   16  37     1    -1
   17  19     1     0
   20  37     1    -1
   25  32     1     0
   25  46     1     1
   26  41     1     2
   31  41     1     3
   40  46     1     0
   45  49     1     2
   46  53     1     3
   47  59     1    -1
   47  63     1    -1
   48  49     1     0
   50  54     1     0
   51  63     1    -1
   53  75     1     1
   58  72     1     0
   58  75     1     2
   59  65     1     3
   70  76     1     3
End
