NMec = 98498
T = 31
P = 1
Profits not ignored
Solution time = 2.406e-02
Viable job selections = 1130409
Best total profit = 36732
Task data
    3 304 23377    -1
    4  21  3711     0
    6  28  3209    -1
   11  15   862    -1
   31  41  1624     0
   48  61  1403     0
   55 297 25619    -1
   58  67  1233    -1
   63 190 14774    -1
   69  87  4574     0
   84  98  2765    -1
   92 107  1749     0
  108 123  1548     0
  111 238 13931    -1
  129 140  1724    -1
  135 145  1600    -1
  137 160  3049     0
  154 159   986    -1
  159 170  1267    -1
  161 170   965    -1
  164 196  7546     0
  167 169   647    -1
  171 183  1286    -1
  191 201  1498    -1
  201 216  3525     0
  204 205   399    -1
  236 257  3335     0
  239 249  1269    -1
  271 284  2531     0
  278 286  1459    -1
  289 298  2137     0
End
