NMec = 98498
T = 31
P = 4
Profits not ignored
Solution time = 4.424e+00
Viable job selections = 206945224
Best total profit = 41828
Task data
    5  77  9110     0
    6  19  1135    -1
    7  17  1945    -1
    8  14  1269     1
    8  28  4795    -1
    9  16  2286     2
    9  30  5285     3
   10  22  1875    -1
   11  17   893    -1
   12  23   913    -1
   13  23  1017    -1
   16  37  4696     1
   17  19   392     2
   20  37  1357    -1
   25  32  1100    -1
   25  46  2383    -1
   26  41  3120     2
   31  41   917     3
   40  46   877     1
   45  49   712     2
   46  53  1505     3
   47  59  3356     1
   47  63  1438    -1
   48  49   254    -1
   50  54   971    -1
   51  63  1925    -1
   53  75  3173     2
   58  72  2164    -1
   58  75  3580     3
   59  65   919    -1
   70  76  1550     1
End
