NMec = 98498
T = 31
P = 8
Profits not ignored
Solution time = 1.558e+01
Viable job selections = 711471598
Best total profit = 36213
Task data
    0  13  2257     0
    1  14  1121    -1
    1  20  1791    -1
    2  14  1249     1
    2  16  1379    -1
    3  16  2383     2
    5  26  3700     3
    6  17  1987    -1
    7  18  2535     4
    7  18  1050    -1
    7  28  2386     5
    8  29  3394     6
   10  15   998    -1
   10  23  1570    -1
   10  25  3031     7
   11  29  3039    -1
   13  19   673    -1
   13  32  2310    -1
   15  31  2268     0
   16  20  1471     1
   18  32  1608     2
   19  33  2238     4
   21  29   556    -1
   22  33  1566     1
   26  33   702    -1
   26  37  2134     7
   26  38   997    -1
   27  34  2131     3
   29  34  1063     5
   31  37   603     6
   34  35   196     0
End
