NMec = 98498
T = 31
P = 2
Profits not ignored
Solution time = 1.620e-01
Viable job selections = 7007124
Best total profit = 43030
Task data
    0 149 11016    -1
   14  26  2940     0
   19  43  4107     1
   21  36  3038    -1
   34  50  3662     0
   37  44  1003    -1
   39  62  4590    -1
   43  68  2638    -1
   45  53  1956    -1
   46  69  4336    -1
   48 133 16277     1
   52  58   873    -1
   52  60  1494    -1
   55  62   879    -1
   56  84  5644     0
   65 102  5297    -1
   73  97  3186    -1
   87 100  1551    -1
   99 109  1600     0
  100 115  2178    -1
  104 119  1529    -1
  109 118  1235    -1
  110 117  2049     0
  115 122  1875    -1
  118 123   565     0
  123 133  1520    -1
  126 136  1238    -1
  127 136  2451    -1
  127 147  5185     0
  132 143   768    -1
  136 144  1001     1
End
