NMec = 98498
T = 31
P = 6
Profits not ignored
Solution time = 5.565e+00
Viable job selections = 220043022
Best total profit = 51576
Task data
    0  48  6796     0
    3  51 12155     1
    4  13  1514    -1
    4  13  1582     2
    5   7   475     3
    5  14  2125     4
    5  16  1798    -1
    5  16  1440    -1
    8  15  1247    -1
    9  41  9196     3
   11  33  3298    -1
   12  28  3702     5
   13  24  2037    -1
   14  32  2062     2
   15  24  1116     4
   16  35  2025    -1
   22  29  1737    -1
   23  34  1416    -1
   24  39  2617    -1
   24  45  2921    -1
   25  42  4547     4
   25  46  1443    -1
   30  40  1339    -1
   30  44  2774    -1
   31  37   945    -1
   31  43  3167     5
   31  48  1943    -1
   33  41  1182    -1
   35  39   732    -1
   36  48  3351     2
   42  46  1302     3
End
