NMec = 98498
T = 32
P = 2
Profits not ignored
Solution time = 1.973e-01
Viable job selections = 10594249
Best total profit = 62855
Task data
    3  22  1693    -1
    4 138 14406    -1
    7  19  2657     0
    7 127 16660    -1
   11 158 28183     1
   23  35  1861    -1
   23  49  4829     0
   27  32  1315    -1
   31 157 20096    -1
   44  54   937    -1
   45  58  1106    -1
   49  65  4621    -1
   50 134 21871     0
   53  62  1184    -1
   54  60   699    -1
   60  67  1132    -1
   62  78  1948    -1
   64  80  2406    -1
   69  82  2224    -1
   82  91  1187    -1
   82  99  3819    -1
   83  92  1545    -1
   95 115  2232    -1
   98 104  1701    -1
   99 105   806    -1
  103 116  2779    -1
  105 122  3346    -1
  112 126  1555    -1
  113 118   615    -1
  126 134   921    -1
  127 132  1070    -1
  139 159  5315     0
End
