NMec = 98498
T = 32
P = 3
Profits not ignored
Solution time = 2.213e+00
Viable job selections = 119412466
Best total profit = 37323
Task data
    3  22  2477    -1
    4  17  2568    -1
    5  23  3199     0
    6  12  1227     1
    7  18  1164    -1
    7  24  3190     2
   13  29  1789     1
   14  27  1582    -1
   14  32  3642    -1
   16  90  7449    -1
   22  34  1396    -1
   26  27   406     0
   27  43  2616     2
   28  53  3321     0
   29  39   984    -1
   30  64  7180     1
   33  41   499    -1
   41  66  2896    -1
   53  68  3202     2
   61  68   747    -1
   63  70   732    -1
   63  74  2287     0
   63  77  1073    -1
   72  76   440     1
   74  87  2042     2
   75  91  1336    -1
   80  94  1970     0
   83  91   926    -1
   84  93  2194     1
   85  87   575    -1
   91 104  2260     2
   93  98   539    -1
End
