NMec = 98498
T = 32
P = 3
Profits ignored
Solution time = 6.786e-01
Maximum possible tasks = 17
Solutions = 31410
Task data
    3  22     1    -1
    4  17     1    -1
    5  23     1    -1
    6  12     1     0
    7  18     1    -1
    7  24     1     1
   13  29     1    -1
   14  27     1     0
   14  32     1     2
   16  90     1    -1
   22  34     1    -1
   26  27     1     1
   27  43     1    -1
   28  53     1     0
   29  39     1     1
   30  64     1    -1
   33  41     1     2
   41  66     1    -1
   53  68     1    -1
   61  68     1    -1
   63  70     1     0
   63  74     1     1
   63  77     1     2
   72  76     1     0
   74  87     1    -1
   75  91     1    -1
   80  94     1    -1
   83  91     1     0
   84  93     1     1
   85  87     1     2
   91 104     1     2
   93  98     1     0
End
