NMec = 98498
T = 32
P = 1
Profits not ignored
Solution time = 3.424e-02
Viable job selections = 1742521
Best total profit = 44981
Task data
    0  22  1476    -1
    4  21  2043    -1
    5  15  2283     0
   21  25   996    -1
   21  31  2558     0
   22  26  1233    -1
   36  53  1919     0
   52  61  2813    -1
   54  73  3228    -1
   56  62  1209    -1
   56  76  3802     0
   58  66  1219    -1
   90 296 34419     0
  100 115  3270    -1
  105 116  2920    -1
  107 116  1617    -1
  119 126  1750    -1
  126 141  1913    -1
  127 137  2149    -1
  142 155  2351    -1
  146 160  1519    -1
  152 176  5728    -1
  160 172  3636    -1
  162 166   792    -1
  189 200  3148    -1
  198 203   745    -1
  198 213  2478    -1
  215 219   673    -1
  221 222   454    -1
  255 272  1813    -1
  262 287  4049    -1
  287 292   675    -1
End
