NMec = 98498
T = 32
P = 4
Profits ignored
Solution time = 5.554e-01
Maximum possible tasks = 19
Solutions = 83
Task data
    1  11     1     0
    1  38     1    -1
    4  21     1     1
    8  13     1     2
    8  22     1    -1
    9  74     1    -1
   10  13     1     3
   12  23     1     0
   16  34     1     2
   20  39     1     3
   22  39     1     1
   27  64     1    -1
   27  69     1    -1
   33  50     1    -1
   33  56     1    -1
   34  54     1     0
   36  73     1    -1
   37  68     1    -1
   38  40     1     2
   40  49     1     1
   41  46     1     2
   44  52     1     3
   47  68     1    -1
   50  61     1    -1
   50  62     1    -1
   51  58     1    -1
   51  73     1     1
   52  62     1     2
   53  60     1     3
   58  65     1     0
   65  77     1     2
   74  76     1     0
End
