NMec = 98498
T = 32
P = 7
Profits not ignored
Solution time = 2.644e+01
Viable job selections = 1134238929
Best total profit = 51134
Task data
    1  10   883     0
    1  22  3715     1
    1  23  2767     2
    3  28  6967     3
    3  44  9889     4
    6  20  1662    -1
    8  22  2615     5
    8  23  2075    -1
    9  30  5225     6
   13  15   543     0
   15  17   227    -1
   15  29  2511    -1
   17  26   919    -1
   17  40  3010    -1
   18  32  1635    -1
   19  26  1958     0
   20  26   883    -1
   21  30  1201    -1
   23  37  1743     1
   24  44  5855     2
   25  36  1268     5
   25  43  1605    -1
   26  42  1882    -1
   27  41  2083     0
   29  41  1599     3
   33  42  2363     6
   35  43  1174    -1
   36  42  1081    -1
   36  43   706    -1
   37  44   948     5
   39  41   277    -1
   41  45   713     1
End
