NMec = 98498
T = 32
P = 5
Profits not ignored
Solution time = 1.577e+01
Viable job selections = 783036016
Best total profit = 41564
Task data
    0   8  1284     0
    0  13  3784     1
    3  13   635     2
    5  51  4952    -1
    8  11   511     3
    9  19  1328     0
    9  31  2034     4
   13  21   882     3
   16  25  1922     1
   16  28  2644     2
   20  31  2116     0
   24  38  2106     3
   26  52  2934    -1
   27  41  2987     1
   30  47  3768     2
   31  49  2113    -1
   34  53  3058     0
   35  41  1281     4
   36  44   728    -1
   37  46   767    -1
   38  45  1661    -1
   42  49  1704     1
   44  53  1402    -1
   44  59  1733     3
   45  46   260    -1
   45  55  2669     4
   46  53   980    -1
   46  55  1210    -1
   48  56  2222     2
   56  60  1096     0
   56  63   544     1
   56  63  1256     4
End
