NMec = 98498
T = 32
P = 6
Profits ignored
Solution time = 1.874e+00
Maximum possible tasks = 19
Solutions = 471
Task data
    0  12     1     0
    2  24     1     1
    5   7     1     2
    7   8     1     3
   10  29     1    -1
   10  49     1    -1
   10  52     1    -1
   12  31     1     2
   13  25     1     0
   14  36     1    -1
   18  51     1    -1
   19  20     1     3
   19  36     1    -1
   20  32     1     4
   20  46     1    -1
   22  25     1     3
   24  32     1     5
   25  29     1     1
   25  43     1    -1
   26  39     1    -1
   28  38     1    -1
   29  48     1    -1
   30  46     1    -1
   31  35     1     0
   31  39     1    -1
   31  49     1     1
   32  40     1     2
   32  51     1     3
   34  48     1     4
   35  38     1     5
   37  48     1     0
   41  53     1     2
End
