NMec = 98498
T = 32
P = 5
Profits ignored
Solution time = 4.769e+00
Maximum possible tasks = 24
Solutions = 14
Task data
    0   8     1     0
    0  13     1     1
    3  13     1     2
    5  51     1    -1
    8  11     1     3
    9  19     1     0
    9  31     1     4
   13  21     1     3
   16  25     1     1
   16  28     1     2
   20  31     1     0
   24  38     1     3
   26  52     1    -1
   27  41     1     1
   30  47     1    -1
   31  49     1    -1
   34  53     1    -1
   35  41     1     0
   36  44     1     2
   37  46     1    -1
   38  45     1     4
   42  49     1    -1
   44  53     1    -1
   44  59     1     0
   45  46     1     1
   45  55     1     2
   46  53     1     3
   46  55     1     4
   48  56     1     1
   56  60     1     2
   56  63     1     3
   56  63     1     4
End
