NMec = 98498
T = 32
P = 8
Profits not ignored
Solution time = 2.012e+01
Viable job selections = 992172476
Best total profit = 44772
Task data
    0   4   711     0
    0  11  2861     1
    0  17  4674     2
    1  13  3286     3
    3  11  1139    -1
    3  15  1724    -1
    3  15  1416    -1
    3  30  4058     4
    4  16  1718    -1
    4  28  4254     5
    4  33  6794     6
    5  20  3147     0
    7  24  2068     7
    8  12  1126    -1
    8  14  1066    -1
    8  17  1782    -1
    9  13   869    -1
    9  19  1102    -1
   10  17  1968    -1
   11  18   986    -1
   11  32  2427    -1
   13  21   876     1
   15  22   686     3
   19  30   777    -1
   19  36  2486     2
   21  31  1942     0
   22  29  1099     1
   25  32   995    -1
   27  34  1304     3
   28  36  2320     7
   30  35   589     1
   30  37  1617     5
End
