NMec = 98498
T = 32
P = 2
Profits ignored
Solution time = 5.390e-02
Maximum possible tasks = 18
Solutions = 60
Task data
    3  22     1     0
    4 138     1    -1
    7  19     1     1
    7 127     1    -1
   11 158     1    -1
   23  35     1    -1
   23  49     1     0
   27  32     1     1
   31 157     1    -1
   44  54     1    -1
   45  58     1     1
   49  65     1    -1
   50 134     1    -1
   53  62     1    -1
   54  60     1     0
   60  67     1     1
   62  78     1    -1
   64  80     1     0
   69  82     1     1
   82  91     1     0
   82  99     1    -1
   83  92     1     1
   95 115     1    -1
   98 104     1     0
   99 105     1     1
  103 116     1    -1
  105 122     1    -1
  112 126     1     0
  113 118     1     1
  126 134     1     1
  127 132     1     0
  139 159     1     0
End
