NMec = 98498
T = 32
P = 6
Profits not ignored
Solution time = 5.269e+00
Viable job selections = 223187944
Best total profit = 43163
Task data
    0  12  1260     0
    2  24  2240     1
    5   7   237     2
    7   8   255     3
   10  29  2329     2
   10  49  7886     3
   10  52  5465    -1
   12  31  4100     4
   13  25  1556    -1
   14  36  4004     0
   18  51  6184     5
   19  20   220    -1
   19  36  1782    -1
   20  32  1940    -1
   20  46  2565    -1
   22  25   356    -1
   24  32  1604    -1
   25  29   678     1
   25  43  3231    -1
   26  39  1815    -1
   28  38  1882    -1
   29  48  2898    -1
   30  46  3890     1
   31  35   427    -1
   31  39  1456    -1
   31  49  5388     2
   32  40  1148    -1
   32  51  1650    -1
   34  48  2782     4
   35  38   707    -1
   37  48  1315    -1
   41  53  1930     0
End
