NMec = 98498
T = 32
P = 4
Profits not ignored
Solution time = 1.757e+00
Viable job selections = 90836656
Best total profit = 44100
Task data
    1  11  1631     0
    1  38  7046     1
    4  21  3521     2
    8  13  1081     3
    8  22  2980    -1
    9  74  8949    -1
   10  13   916    -1
   12  23  2555     0
   16  34  3593     3
   20  39  2977    -1
   22  39  2275     2
   27  64  4124    -1
   27  69  6539     0
   33  50  1698    -1
   33  56  2684    -1
   34  54  2444    -1
   36  73  3398    -1
   37  68  5068     3
   38  40   409    -1
   40  49  1811     1
   41  46   423     2
   44  52   929    -1
   47  68  1691    -1
   50  61  1631    -1
   50  62  3163     1
   51  58  1029    -1
   51  73  2792    -1
   52  62  2998     2
   53  60   872    -1
   58  65   906    -1
   65  77  2050     1
   74  76   346     0
End
