NMec = 98498
T = 33
P = 2
Profits not ignored
Solution time = 3.536e-01
Viable job selections = 22568648
Best total profit = 59538
Task data
    0  20  4181     0
    0 160 35032     1
    7  15  1084    -1
   11  24  2565    -1
   30  40  2729     0
   31  54  1704    -1
   38  60  3412    -1
   39 145 11783    -1
   40  64  5341    -1
   44  53  1185    -1
   49  65  3811     0
   49  70  2267    -1
   57  66  2000    -1
   62  71  1817    -1
   76 138 10419     0
   84 104  4285    -1
   84 106  5729    -1
   87  93  1805    -1
   91 102   628    -1
   92  99   924    -1
   94 109  1167    -1
   94 118  2498    -1
   96 107  2666    -1
  106 112   973    -1
  107 126  4186    -1
  108 113   804    -1
  115 121   831    -1
  120 142  3320    -1
  125 137  2015    -1
  134 146  1107    -1
  143 152  2561     0
  148 152  1185    -1
  158 164   805     0
End
