NMec = 98498
T = 33
P = 7
Profits not ignored
Solution time = 9.918e+01
Viable job selections = 4886667340
Best total profit = 47126
Task data
    0   6  1467     0
    0  18  3270     1
    1  10  2305     2
    1  10  1230     3
    2  16  2240     4
    4  29  5155     5
    6   9  1061    -1
    6  11  1307     6
    8  18   855     0
    9  14   847    -1
   11  18  1050     2
   15  24  1430     3
   15  30  3215     6
   18  26  2553     4
   19  24   650     0
   19  36  1333    -1
   21  31  1411     1
   22  37  1415    -1
   23  29   924    -1
   23  43  2220    -1
   24  34  2762     2
   25  30   734    -1
   25  33  1456     0
   27  42  3695     3
   27  47  3841     4
   29  42  2354    -1
   30  41  2492     5
   32  41  1286     1
   32  43  1144     6
   34  47  1199     0
   35  36   237     2
   35  42   876    -1
   38  44   876     2
End
