NMec = 98498
T = 33
P = 8
Profits not ignored
Solution time = 3.866e+01
Viable job selections = 2155904528
Best total profit = 42852
Task data
    0  18  2804     0
    1   9   577     1
    2  18  1672    -1
    2  21  3882     2
    5  28  3786     3
    5  30  3934     4
    5  41  4169     5
    6  17  1577     6
    8  23  1877     7
    8  31  3154    -1
    9  19   844    -1
   11  23  3222     1
   11  26  1404    -1
   13  22   868    -1
   13  23  1007    -1
   14  23  1408    -1
   15  18   584    -1
   15  21  1127    -1
   15  31  2638    -1
   16  26   965    -1
   18  27  1598     6
   21  35  2090    -1
   22  40  3024     0
   24  29   828    -1
   24  30  1832     1
   24  35  2514     2
   25  39  3275     7
   27  36  1518    -1
   29  39  1695     3
   31  36   611     1
   31  39   787     4
   33  41  1068     6
   38  41   620     1
End
