NMec = 98498
T = 33
P = 3
Profits not ignored
Solution time = 7.812e+00
Viable job selections = 480261600
Best total profit = 44550
Task data
    0   7  1428     0
    3  12  2532     1
    4  16  1779     2
    4  27  1720    -1
    7  34  4459    -1
    8  31  3532     0
   10  13   440    -1
   13  34  2328    -1
   15  24  1586     1
   20  25  1121     2
   25  44  3429     1
   26  33   893    -1
   29  62  3172    -1
   30  39  1636     2
   30  53  2411    -1
   34  43  1973     0
   42  62  4288     2
   45  56  2156    -1
   45  66  3495     0
   47  57  1140    -1
   49  68  4859     1
   53  69  3049    -1
   55  65  1490    -1
   65  77  3072     2
   68  77  1481     0
   70  81  1251     1
   76  80   731    -1
   79  91  1795     0
   87  94  1137    -1
   87 101  1977     1
   87 107  2747     2
   93  95   569     0
   95  98   369    -1
End
