NMec = 98498
T = 33
P = 5
Profits not ignored
Solution time = 1.180e+01
Viable job selections = 535754866
Best total profit = 53646
Task data
    0   9  1682     0
    0  18  2472    -1
    2   8  1639     1
    2  12  2631    -1
    2  14  3057     2
    2  22  2086    -1
    3  24  2342    -1
    5  18  2770     3
    9  19  1275    -1
    9  55  8952     1
    9  60 13735     4
   10  14   419    -1
   11  15   578    -1
   12  28  3262     0
   15  26  2105     2
   15  30  2233    -1
   18  31  1316    -1
   18  42  2784    -1
   19  33  3991     3
   22  31  1590    -1
   24  31  2155    -1
   25  33   672    -1
   28  34  1956     2
   28  38   790    -1
   28  45  3322    -1
   30  47  4127     0
   36  46  1328    -1
   36  56  3481     2
   39  47   768    -1
   40  57  1507    -1
   42  60  1560    -1
   44  57  2073    -1
   45  65  2889     3
End
