NMec = 98498
T = 33
P = 8
Profits ignored
Solution time = 1.325e+01
Maximum possible tasks = 21
Solutions = 35886
Task data
    0  18     1    -1
    1   9     1     0
    2  18     1    -1
    2  21     1    -1
    5  28     1    -1
    5  30     1    -1
    5  41     1    -1
    6  17     1     1
    8  23     1    -1
    8  31     1    -1
    9  19     1    -1
   11  23     1    -1
   11  26     1    -1
   13  22     1     0
   13  23     1     2
   14  23     1     3
   15  18     1     4
   15  21     1     5
   15  31     1     6
   16  26     1     7
   18  27     1     1
   21  35     1    -1
   22  40     1     4
   24  29     1     0
   24  30     1     2
   24  35     1     3
   25  39     1     5
   27  36     1     7
   29  39     1     1
   31  36     1     0
   31  39     1     2
   33  41     1     6
   38  41     1     0
End
