NMec = 98498
T = 33
P = 4
Profits not ignored
Solution time = 4.895e+00
Viable job selections = 292582796
Best total profit = 55579
Task data
    0   6   867    -1
    0  16  3777     0
    0  79 12891     1
    2   8  1385     2
    3  57 11922     3
    9  19  1540    -1
   11  43  6877     2
   15  32  4261    -1
   16  39  4398    -1
   21  27  1194    -1
   21  30  1207     0
   21  37  1517    -1
   26  35  1686    -1
   27  37  1004    -1
   29  36   458    -1
   31  40  2056     0
   33  50  2588    -1
   34  49  4520    -1
   35  45  1294    -1
   37  44   521    -1
   39  49  1649    -1
   40  49   946    -1
   40  56  3881    -1
   43  52   927    -1
   43  59  3132     0
   47  66  4790     2
   48  58  1571    -1
   49  61  2696    -1
   59  66  1750     3
   65  82  2933     0
   71  76  1140     2
   71  77   412    -1
   73  81  1719     3
End
