NMec = 98498
T = 33
P = 1
Profits not ignored
Solution time = 1.058e-01
Viable job selections = 5417284
Best total profit = 37611
Task data
    7  16  1568     0
   17  30  1105     0
   20 302 26741    -1
   22  29   471    -1
   29  49  2329    -1
   33  35   751     0
   40  45  1657     0
   46  57  1588    -1
   51  77  3041     0
   82 105  1569    -1
   83  92  1980    -1
   86  98  1994     0
  107 124  1477     0
  122 132  2466    -1
  126 149  4214     0
  139 149  1118    -1
  142 156  1495    -1
  153 167  2643    -1
  154 171  3172     0
  179 190  1659     0
  184 192   726    -1
  195 241  5033     0
  198 206   763    -1
  198 211  2325    -1
  202 214  1481    -1
  247 254  1988     0
  260 280  3553    -1
  265 282  3677     0
  269 270   230    -1
  272 287  2002    -1
  275 300  3087    -1
  290 311  6275     0
  310 327  2203    -1
End
