NMec = 98498
T = 33
P = 6
Profits ignored
Solution time = 4.339e+00
Maximum possible tasks = 20
Solutions = 4374
Task data
    0  54     1    -1
    1  16     1    -1
    1  24     1    -1
    1  54     1    -1
    3  14     1     0
    3  22     1    -1
    3  24     1    -1
    3  46     1    -1
    4  11     1     1
    6  24     1    -1
    9  22     1     2
   10  17     1     3
   12  20     1     1
   13  25     1     4
   14  25     1     5
   16  26     1     0
   16  32     1    -1
   16  34     1    -1
   18  33     1    -1
   19  40     1    -1
   23  31     1    -1
   23  34     1     1
   24  35     1     2
   25  46     1     3
   27  32     1     0
   28  35     1     4
   30  33     1     5
   33  45     1     0
   34  46     1     5
   35  43     1     1
   37  43     1     2
   42  52     1     4
   44  54     1     1
End
