NMec = 98498
T = 33
P = 1
Profits ignored
Solution time = 3.846e-02
Maximum possible tasks = 15
Solutions = 1728
Task data
    7  16     1     0
   17  30     1    -1
   20 302     1    -1
   22  29     1     0
   29  49     1    -1
   33  35     1     0
   40  45     1     0
   46  57     1    -1
   51  77     1     0
   82 105     1    -1
   83  92     1    -1
   86  98     1     0
  107 124     1    -1
  122 132     1     0
  126 149     1    -1
  139 149     1     0
  142 156     1    -1
  153 167     1    -1
  154 171     1     0
  179 190     1    -1
  184 192     1     0
  195 241     1    -1
  198 206     1    -1
  198 211     1    -1
  202 214     1     0
  247 254     1     0
  260 280     1    -1
  265 282     1    -1
  269 270     1     0
  272 287     1    -1
  275 300     1     0
  290 311     1    -1
  310 327     1     0
End
