NMec = 98498
T = 34
P = 6
Profits ignored
Solution time = 1.981e+01
Maximum possible tasks = 23
Solutions = 2150
Task data
    0   9     1     0
    0  16     1     1
    1  43     1    -1
    1  55     1    -1
    1  56     1    -1
    3  17     1     2
    4  25     1    -1
    5  15     1     3
    6  23     1    -1
    7  28     1    -1
   12  21     1     0
   13  24     1    -1
   15  25     1    -1
   18  33     1     1
   20  24     1     2
   21  27     1     3
   21  36     1     4
   22  36     1     0
   22  43     1    -1
   23  29     1     5
   27  35     1     2
   29  31     1     3
   33  54     1    -1
   34  42     1    -1
   35  41     1     1
   35  45     1     3
   36  52     1     2
   38  42     1     0
   39  46     1     4
   40  56     1     5
   42  50     1     1
   43  51     1     0
   47  49     1     3
   49  53     1     4
End
