NMec = 98498
T = 34
P = 2
Profits not ignored
Solution time = 9.407e-01
Viable job selections = 61595676
Best total profit = 47945
Task data
    5  27  4166     0
    7  21  2644    -1
    8  15  1020     1
    8  30  2282    -1
   11  36  4023    -1
   11 103 16281    -1
   16 169 23599     1
   19  26  1924    -1
   22  29   991    -1
   22  41  3420    -1
   32  36   530    -1
   32  52  5224     0
   33  52  3785    -1
   48  66  2123    -1
   48 141 13053    -1
   52  55   562    -1
   52  60  1435    -1
   53  77  5021     0
   55  72  1916    -1
   59  66   682    -1
   86  96  1054     0
   91 106  1060    -1
  103 111  1460    -1
  103 113  2215     0
  108 124  2052    -1
  110 114   700    -1
  122 136  1789     0
  122 137  1628    -1
  136 146  1139    -1
  138 156  3015     0
  139 151  1813    -1
  152 166  1875    -1
  158 159   196     0
  165 169   646     0
End
