NMec = 98498
T = 34
P = 6
Profits not ignored
Solution time = 5.791e+01
Viable job selections = 2884544941
Best total profit = 55748
Task data
    0   9  1881    -1
    0  16  2350     0
    1  43 10957     1
    1  55  9580     2
    1  56  6988    -1
    3  17  1268    -1
    4  25  4347     3
    5  15  2351     4
    6  23  4502     5
    7  28  2540    -1
   12  21  1105    -1
   13  24  2047    -1
   15  25   876    -1
   18  33  3783     0
   20  24   727    -1
   21  27  1626    -1
   21  36  3712     4
   22  36  2771    -1
   22  43  2874    -1
   23  29  1599    -1
   27  35   931     3
   29  31   664     5
   33  54  2962     5
   34  42  1559     0
   35  41   622    -1
   35  45  1766    -1
   36  52  2318     3
   38  42   488    -1
   39  46  1084    -1
   40  56  2192     4
   42  50   898    -1
   43  51  2245     0
   47  49   735    -1
   49  53  1295     1
End
