NMec = 98498
T = 34
P = 4
Profits not ignored
Solution time = 7.602e+00
Viable job selections = 381239118
Best total profit = 43937
Task data
    4  17  2224     0
    5  12   807     1
    8  21  1714     2
    9  80  8444    -1
   11  22  1397    -1
   13  23  1865     1
   17  37  2131     3
   23  59  5163     0
   27  39  1296    -1
   27  48  2500    -1
   29  77 11189     1
   32  40  1422     2
   32  43  1685    -1
   33  43  1304    -1
   34  36   311    -1
   34  46  1063    -1
   37  71  3533    -1
   38  44  1221     3
   38  47  1186    -1
   41  49  1757     2
   45  68  2203    -1
   46  64  1803    -1
   46  66  3628     3
   49  61   904    -1
   52  54   441     2
   55  73  2120    -1
   55  78  5684     2
   56  76  2086    -1
   58  75  2690    -1
   64  76  1910    -1
   65  78  1300    -1
   66  73   652     0
   72  84  2116     3
   75  84  1923     0
End
