NMec = 98498
T = 34
P = 5
Profits ignored
Solution time = 6.084e+00
Maximum possible tasks = 19
Solutions = 31402
Task data
    0  18     1    -1
    3   9     1     0
    4  15     1    -1
    4  21     1    -1
    5  16     1    -1
    7  27     1    -1
    7  65     1    -1
    8  19     1     1
    8  20     1     2
    9  17     1     3
    9  29     1    -1
   12  41     1    -1
   13  29     1     0
   14  18     1     4
   15  32     1    -1
   21  66     1    -1
   23  31     1    -1
   25  39     1     1
   26  37     1     2
   29  33     1     3
   29  42     1     4
   30  41     1     0
   34  48     1    -1
   35  61     1    -1
   37  40     1     3
   37  56     1    -1
   39  47     1    -1
   40  48     1     1
   43  60     1     0
   47  58     1     2
   47  59     1     3
   47  66     1     4
   50  57     1     1
   62  64     1     0
End
