NMec = 98498
T = 34
P = 4
Profits ignored
Solution time = 2.674e+00
Maximum possible tasks = 20
Solutions = 860
Task data
    4  17     1    -1
    5  12     1     0
    8  21     1     1
    9  80     1    -1
   11  22     1     2
   13  23     1     0
   17  37     1     3
   23  59     1    -1
   27  39     1    -1
   27  48     1    -1
   29  77     1    -1
   32  40     1     0
   32  43     1    -1
   33  43     1     1
   34  36     1     2
   34  46     1    -1
   37  71     1    -1
   38  44     1     2
   38  47     1     3
   41  49     1     0
   45  68     1    -1
   46  64     1     1
   46  66     1     2
   49  61     1     3
   52  54     1     0
   55  73     1    -1
   55  78     1    -1
   56  76     1    -1
   58  75     1    -1
   64  76     1     0
   65  78     1     1
   66  73     1     3
   72  84     1     2
   75  84     1     3
End
