NMec = 98498
T = 34
P = 1
Profits not ignored
Solution time = 1.171e-01
Viable job selections = 7024664
Best total profit = 33319
Task data
    8  22  2532     0
   38  43   691     0
   79  87   616    -1
   81  89  1009     0
   83  96  2563    -1
   91 110  3454     0
   91 321 27506    -1
  109 127  3192    -1
  112 123  1647    -1
  113 122   786    -1
  113 122  1908     0
  129 133   720     0
  137 145  1224    -1
  140 153  2707    -1
  141 155  3529     0
  142 147   618    -1
  145 157  1989    -1
  146 154  1747    -1
  153 166  1153    -1
  159 177  1889    -1
  163 166   395    -1
  163 187  4181     0
  188 195  1306     0
  203 212  1423     0
  211 229  3287    -1
  219 231  3410    -1
  226 246  4213     0
  248 270  2296     0
  274 283   778     0
  284 301  3381     0
  297 323  3105    -1
  301 306  1010    -1
  321 328  1263     0
  332 335   635     0
End
