NMec = 98498
T = 34
P = 7
Profits not ignored
Solution time = 8.105e+01
Viable job selections = 4640744586
Best total profit = 55743
Task data
    0  14  2936     0
    0  14  3462     1
    0  37  4649     2
    1  15  2178    -1
    1  24  3619     3
    1  45  8987     4
    3   9   494    -1
    3  22  2471    -1
    4  27  4469     5
    5  20  2252    -1
    5  28  2842    -1
    6  14  1443    -1
    6  46  9014     6
   13  32  3006    -1
   14  26  2651    -1
   15  23  2575     0
   15  25  2813     1
   18  23  1302    -1
   21  36  2053    -1
   22  26  1003    -1
   22  28   625    -1
   22  32  1080    -1
   28  32   443    -1
   28  35  1203     0
   29  41  1414    -1
   30  46  4029     1
   31  34   765     3
   32  35   913    -1
   32  48  1757     5
   33  37   371    -1
   35  46  2928     3
   36  44  1068     0
   39  48  1469     2
   40  45   748    -1
End
