NMec = 98498
T = 34
P = 8
Profits not ignored
Solution time = 7.324e+01
Viable job selections = 4242642058
Best total profit = 45428
Task data
    0   3   497     0
    1  26  2301    -1
    2  14  1158    -1
    3  22  2520    -1
    4  14  1182     0
    4  28  3181    -1
    5  10   861     1
    5  18  2075     2
    6  14  1914     3
    6  15  1121    -1
    6  21  2174     4
    6  22  2825     5
    9  24  3259     6
    9  34  1901    -1
   10  13   573    -1
   10  21  2050     7
   11  20   970    -1
   11  34  6098     1
   12  23  1130    -1
   14  21   882    -1
   14  27  2480    -1
   17  29   830    -1
   18  32  2787     0
   18  37  3397     3
   19  38  1903    -1
   21  39  3569     2
   22  29  1344     4
   22  33  2522     7
   24  42  1845     5
   27  38  2926     6
   27  41  1776    -1
   30  42  2114     4
   33  38   706     0
   36  42  1283     1
End
