NMec = 98498
T = 34
P = 1
Profits ignored
Solution time = 3.713e-02
Maximum possible tasks = 17
Solutions = 72
Task data
    8  22     1     0
   38  43     1     0
   79  87     1    -1
   81  89     1     0
   83  96     1    -1
   91 110     1     0
   91 321     1    -1
  109 127     1    -1
  112 123     1    -1
  113 122     1    -1
  113 122     1     0
  129 133     1     0
  137 145     1     0
  140 153     1    -1
  141 155     1    -1
  142 147     1    -1
  145 157     1    -1
  146 154     1     0
  153 166     1    -1
  159 177     1    -1
  163 166     1    -1
  163 187     1     0
  188 195     1     0
  203 212     1     0
  211 229     1    -1
  219 231     1    -1
  226 246     1     0
  248 270     1     0
  274 283     1     0
  284 301     1    -1
  297 323     1    -1
  301 306     1     0
  321 328     1     0
  332 335     1     0
End
