NMec = 98498
T = 34
P = 5
Profits not ignored
Solution time = 1.823e+01
Viable job selections = 1022869448
Best total profit = 44338
Task data
    0  18  2132     0
    3   9   984     1
    4  15  1179    -1
    4  21  1491    -1
    5  16   805    -1
    7  27  2864     2
    7  65  7216     3
    8  19  3194     4
    8  20   928    -1
    9  17  1438    -1
    9  29  1839    -1
   12  41  5369     1
   13  29  2794    -1
   14  18  1441    -1
   15  32  1650    -1
   21  66  8377     0
   23  31  1379    -1
   25  39  2924     4
   26  37  1434    -1
   29  33   876     2
   29  42  1739    -1
   30  41  1597    -1
   34  48  3093    -1
   35  61  4073     2
   37  40   558    -1
   37  56  2162    -1
   39  47  1882    -1
   40  48  1777     4
   43  60  1642    -1
   47  58  2900     1
   47  59   880    -1
   47  66  1482    -1
   50  57   797     4
   62  64   855     1
End
