NMec = 98498
T = 34
P = 7
Profits ignored
Solution time = 2.983e+01
Maximum possible tasks = 25
Solutions = 4
Task data
    0  14     1     0
    0  14     1     1
    0  37     1    -1
    1  15     1     2
    1  24     1    -1
    1  45     1    -1
    3   9     1     3
    3  22     1    -1
    4  27     1    -1
    5  20     1     4
    5  28     1     5
    6  14     1     6
    6  46     1    -1
   13  32     1    -1
   14  26     1     3
   15  23     1     0
   15  25     1     1
   18  23     1     2
   21  36     1    -1
   22  26     1     4
   22  28     1     6
   22  32     1    -1
   28  32     1     0
   28  35     1     1
   29  41     1     2
   30  46     1     3
   31  34     1     4
   32  35     1     5
   32  48     1     6
   33  37     1     0
   35  46     1     4
   36  44     1     1
   39  48     1     0
   40  45     1     5
End
