NMec = 98498
T = 35
P = 6
Profits ignored
Solution time = 1.502e+01
Maximum possible tasks = 20
Solutions = 74306
Task data
    0  56     1    -1
    2   4     1     0
    2  23     1    -1
    3  25     1    -1
    5  18     1     0
    9  26     1    -1
    9  29     1     1
   10  23     1     2
   11  24     1     3
   13  33     1    -1
   13  40     1    -1
   15  39     1    -1
   18  31     1     4
   20  34     1     0
   21  40     1     5
   21  46     1    -1
   23  43     1    -1
   26  35     1     2
   26  46     1    -1
   27  42     1    -1
   30  33     1     1
   31  36     1     3
   34  57     1    -1
   35  43     1    -1
   37  54     1    -1
   38  41     1     0
   38  43     1     1
   39  52     1    -1
   39  58     1     2
   40  50     1     3
   40  50     1     4
   41  53     1     5
   46  58     1     0
   49  52     1     1
   53  58     1     1
End
