NMec = 98498
T = 35
P = 5
Profits not ignored
Solution time = 2.778e+01
Viable job selections = 1760842528
Best total profit = 48385
Task data
    1   5   507     0
    2  22  4749     1
    2  51  6332    -1
    3  15  1570     2
    3  16  2932     3
    4  13  1132     4
    8  26  2384    -1
    8  28  2331    -1
    9  40  2907    -1
   14  21   905    -1
   14  25  2364    -1
   14  27  2548     0
   15  35  4068     4
   19  24  1559     2
   21  59  5753     3
   22  35  2750    -1
   23  37  1602    -1
   26  38  1644    -1
   26  48  5010     1
   27  46  3100     2
   28  30   228     0
   28  52  3181    -1
   30  40  1791    -1
   31  45  1629    -1
   33  44  1960     0
   34  51  3720    -1
   35  50  2004    -1
   40  64  3244     4
   42  57  1479    -1
   44  65  1800    -1
   46  63  2797     0
   48  57  2249     2
   51  68  3991     1
   55  57   756    -1
   62  67   988     2
End
