NMec = 98498
T = 35
P = 4
Profits ignored
Solution time = 1.813e+00
Maximum possible tasks = 19
Solutions = 9120
Task data
    1  87     1    -1
    2  83     1    -1
    3  77     1    -1
    9  18     1     0
   14  38     1    -1
   18  86     1    -1
   19  28     1     0
   22  39     1    -1
   22  45     1    -1
   25  43     1    -1
   30  39     1     0
   31  33     1     1
   31  83     1    -1
   32  40     1     2
   37  41     1     1
   37  52     1     3
   40  64     1    -1
   41  59     1    -1
   42  49     1     0
   42  55     1    -1
   43  58     1    -1
   44  66     1    -1
   45  55     1     1
   46  60     1    -1
   53  63     1     0
   54  61     1     2
   55  57     1     3
   56  62     1     1
   62  75     1    -1
   66  77     1     0
   67  76     1     1
   68  71     1     2
   68  83     1     3
   75  86     1     2
   81  86     1     0
End
