NMec = 98498
T = 35
P = 7
Profits not ignored
Solution time = 4.322e+01
Viable job selections = 2196676210
Best total profit = 39691
Task data
    2  43  4563    -1
    3  13  1268     0
    3  14  1097     1
    3  20  2201     2
    5  14  1675     3
    5  17  1854     4
    5  27  2376    -1
    7  21  1448    -1
    8  15   992    -1
    8  26  1787    -1
   11  16   598    -1
   12  26  1671    -1
   12  29  3456     5
   13  36  4772     6
   15  25  1307     0
   16  32  2684    -1
   16  32  2996     1
   17  24  1038    -1
   17  29  1588    -1
   17  35  3759     3
   17  43  2995    -1
   19  21   399    -1
   19  30  1724    -1
   19  33  2221    -1
   19  43  2936     4
   22  45  2375    -1
   23  38  1422    -1
   23  41  3007     2
   26  39  1079    -1
   26  46  2280     0
   27  34  1969    -1
   29  43  1810    -1
   32  48  2674     5
   34  47  3499     1
   37  47   910     3
End
