NMec = 98498
T = 35
P = 2
Profits not ignored
Solution time = 4.585e+00
Viable job selections = 340615848
Best total profit = 38815
Task data
    0  12  2160     0
    0 174 13038    -1
    2   5   571     1
    2  10  1847    -1
   10  20  2362     1
   24  27   503     0
   25  27   407     1
   28  34   417    -1
   28 132 18226     0
   29  40  1369    -1
   34  42  1369     1
   43  49   682     1
   46  69  2081    -1
   52  53   501     1
   63  76  2721     1
   66  82  1965    -1
   68  77  1194    -1
   71  77  1444    -1
   76  87  1223    -1
   77  83   575     1
   83  98  1770    -1
   93 105  1910    -1
   95 104  1793    -1
   96 116  4854     1
  103 111  1833    -1
  103 112   738    -1
  103 114  1312    -1
  106 118  1610    -1
  110 125  2220    -1
  114 122  1647    -1
  126 137  2367     1
  130 136   908    -1
  130 140  1216    -1
  138 142   600     0
  162 168   917     0
End
