NMec = 98498
T = 35
P = 1
Profits not ignored
Solution time = 4.754e-02
Viable job selections = 2214986
Best total profit = 61082
Task data
    0  10  3048     0
   14  25  3131     0
   18  35  1052    -1
   21 151 25735    -1
   25  33  1416    -1
   48 306 49557     0
   60  69   920    -1
   61  74  2495    -1
   91 100  2594    -1
   99 115  2544    -1
  101 125  6956    -1
  111 122  2229    -1
  111 144  5055    -1
  115 121  1815    -1
  118 127  1285    -1
  167 187  2988    -1
  171 187  1591    -1
  178 188  1866    -1
  184 193  2408    -1
  184 347 28301    -1
  189 206  1600    -1
  196 200   741    -1
  207 225  3097    -1
  214 227  1958    -1
  231 247  1636    -1
  254 276  2147    -1
  299 301   467    -1
  299 315  4418    -1
  303 320  1832    -1
  304 318  2816    -1
  305 314  1173    -1
  308 321  1287    -1
  310 330  2893     0
  332 340  2453     0
  334 338   674    -1
End
