NMec = 98498
T = 35
P = 8
Profits not ignored
Solution time = 1.208e+02
Viable job selections = 5517923516
Best total profit = 51637
Task data
    0  12  1915     0
    0  16  2598     1
    0  19  2818     2
    1  39  7553     3
    2  17  2604     4
    3   9   956     5
    3  15  1682    -1
    3  17  1910    -1
    5  17  1755    -1
    5  19  1881    -1
    7   9   520     6
    7  20  2661    -1
    9  20   904    -1
   10  17  1804    -1
   10  26  1590    -1
   10  42  7529     5
   11  24  3238     6
   12  18   707    -1
   12  24  3204     7
   12  34  1733    -1
   13  31  2285    -1
   14  18   707    -1
   14  19   663    -1
   16  27  2269     0
   17  24  1253     1
   18  40  2463     4
   20  39  3410     2
   23  35  2377    -1
   24  30   522    -1
   26  35  1251    -1
   26  39  1895     1
   26  43  2050     6
   27  42  2114     7
   30  43  3248     0
   31  39  1317    -1
End
