NMec = 98498
T = 35
P = 3
Profits not ignored
Solution time = 5.402e+00
Viable job selections = 311304260
Best total profit = 43432
Task data
    3  11  1394     0
    6  31  3114     1
    8 113  9721    -1
    9  30  1403    -1
   11  20  1390    -1
   11  23  1138    -1
   15  28  3021     0
   16  32  1906     2
   20  32  1852    -1
   31  56  4134     0
   39  55  2796    -1
   41  62  4012    -1
   42  64  4492     1
   45  56  1020    -1
   47  59  3120     2
   49  53   705    -1
   61  75  3549     0
   61  79  3251     2
   64  73  1513    -1
   69  72   378     1
   70 104  4505    -1
   73  86  1937     1
   77  91  1674     0
   83 101  1706    -1
   83 101  3608     2
   85  93   770    -1
   86 101  1975    -1
   87  98  1585    -1
   88  98  2118     1
   89 100  1510    -1
   91 101  2731    -1
   97 100   643    -1
   97 111  2989     0
  100 111  1633     1
  102 107  1114     2
End
