NMec = 98498
T = 36
P = 3
Profits not ignored
Solution time = 8.026e+00
Viable job selections = 504380464
Best total profit = 48963
Task data
    3  89 15798     0
    7  21  2290     1
   10  22  1125    -1
   11  86  4991    -1
   12  24  2260     2
   12  33  1695    -1
   23  42  2242    -1
   24  28  1070     1
   25  40  1404     2
   29  49  1298    -1
   29  54  2611    -1
   31  53  3593     1
   34  53  2211    -1
   35  40   654    -1
   35  41  1029    -1
   35  43  1253    -1
   41  51  1131    -1
   43  48   573     2
   46  60  1391    -1
   48  54   621    -1
   49  62  3246     2
   50  63  2179    -1
   54  61  1611    -1
   55  73  4468     1
   55  73  3379    -1
   55  73  3448    -1
   62  67  1113    -1
   67  87  4555     2
   72  78  1032    -1
   72  81   768    -1
   74  88  1289    -1
   77  93  2634    -1
   78  92  3719     1
   82  95  1787    -1
   91 104  3724     0
   93 106  2263     1
End
