NMec = 98498
T = 36
P = 8
Profits not ignored
Solution time = 2.926e+02
Viable job selections = 15985087668
Best total profit = 52280
Task data
    0   9  2772     0
    1  14   870    -1
    1  15  1813    -1
    1  25  2819    -1
    2  13  2114     1
    2  13  1693    -1
    2  21  3124     2
    2  42 10196     3
    3  25  3852     4
    4  18  2970     5
    6  42  4229     6
    7  16   933    -1
    7  21  2475    -1
    8  17  1922    -1
    8  19  2397     7
    8  21  1983    -1
    9  43  2525    -1
   10  25  4584     0
   11  27  1924    -1
   13  37  2374    -1
   17  22   862    -1
   18  30  2400     1
   19  24   796    -1
   21  24   852     5
   21  28  1377     7
   21  29   861    -1
   24  33  1467     2
   25  31   522     5
   27  39  1897     0
   28  39  1188    -1
   28  41  3091     4
   31  33   531    -1
   32  37   986     1
   32  37  1050     5
   33  43  1843     7
   34  40   557     2
End
