NMec = 98498
T = 36
P = 5
Profits not ignored
Solution time = 4.056e+01
Viable job selections = 2518978304
Best total profit = 51417
Task data
    1   7   556     0
    4  22  4210     1
    5  18  2678     2
    6  67  9609     3
    9  29  4333     0
   11  14   241     4
   17  26  1192    -1
   17  27  1030    -1
   20  43  5601     2
   21  39  3079     4
   23  29  1229     1
   25  32   922    -1
   25  41  1705    -1
   28  33  1352    -1
   29  41   794    -1
   29  51  4309    -1
   31  34   540    -1
   31  36  1249    -1
   31  40  1742     0
   31  43  2884    -1
   32  41   748    -1
   33  43  1012    -1
   33  45  1496    -1
   33  56  6997     1
   35  54  1975    -1
   36  44   571    -1
   38  55  1870    -1
   40  55  1818    -1
   40  56  3902     4
   43  53  2096     0
   43  59  1663    -1
   50  67  2822     2
   51  54   711    -1
   58  66  1174     0
   63  70   677     1
   65  67   471     4
End
