NMec = 98498
T = 36
P = 6
Profits not ignored
Solution time = 7.069e+01
Viable job selections = 3121437244
Best total profit = 60832
Task data
    0  10  1285     0
    0  16  2931     1
    0  18  1969    -1
    0  59 10067     2
    2  15  1595    -1
    2  24  5801     3
    2  52  6221    -1
    5  59  8279     4
    6   8   594     5
    7  11   481    -1
    8  41  6244    -1
   11  30  2869     0
   12  27  2724    -1
   12  38  5118    -1
   12  41  7219     5
   12  46  2269    -1
   13  23  1243    -1
   15  22  1612    -1
   19  22   645     1
   19  40  2326    -1
   26  36  1184    -1
   27  46  3367    -1
   29  38  2679     1
   29  48  2690    -1
   29  55  6546     3
   31  55  2854    -1
   33  44  1331    -1
   35  39  1208    -1
   35  56  4895     0
   39  47   553    -1
   40  58  4898     1
   42  44   380     5
   42  50  1091    -1
   44  49   664    -1
   44  56   975    -1
   45  55  1744     5
End
