NMec = 98498
T = 36
P = 4
Profits not ignored
Solution time = 1.107e+01
Viable job selections = 616919989
Best total profit = 59012
Task data
    1  21  2680    -1
    1  86 18471     0
    2  68 15434     1
    4  12   672     2
    6  62  4865    -1
    9  17  1788     3
    9  17  1290    -1
    9  26  1309    -1
   11  22  1782    -1
   12  24  1934    -1
   15  23  1262    -1
   17  31  2134    -1
   17  39  5180     2
   20  23   929     3
   20  31  2348    -1
   22  36  2190    -1
   24  45  3336     3
   26  36  1170    -1
   36  54  3595    -1
   41  48   911    -1
   41  53  2351    -1
   41  62  3174     2
   42  53  1116    -1
   42  58  1658    -1
   42  62  2426    -1
   42  64  2233    -1
   42  83  4477    -1
   48  57  1444    -1
   50  58  1039    -1
   50  73  4612     3
   61  77  2114    -1
   67  77  1684    -1
   68  79  2042     2
   71  80   789    -1
   73  83  1974     1
   77  86  1400     3
End
