NMec = 98498
T = 36
P = 3
Profits ignored
Solution time = 2.914e+00
Maximum possible tasks = 20
Solutions = 1242
Task data
    3  89     1    -1
    7  21     1    -1
   10  22     1     0
   11  86     1    -1
   12  24     1     1
   12  33     1     2
   23  42     1    -1
   24  28     1     0
   25  40     1    -1
   29  49     1    -1
   29  54     1    -1
   31  53     1    -1
   34  53     1    -1
   35  40     1     0
   35  41     1     1
   35  43     1     2
   41  51     1     0
   43  48     1     1
   46  60     1    -1
   48  54     1     2
   49  62     1    -1
   50  63     1    -1
   54  61     1     0
   55  73     1    -1
   55  73     1     1
   55  73     1     2
   62  67     1     0
   67  87     1    -1
   72  78     1    -1
   72  81     1     0
   74  88     1     1
   77  93     1    -1
   78  92     1     2
   82  95     1     0
   91 104     1     1
   93 106     1     2
End
