NMec = 98498
T = 36
P = 2
Profits not ignored
Solution time = 6.654e-01
Viable job selections = 42224998
Best total profit = 55125
Task data
    4  21  2025    -1
    7  89 14089     0
    9  20  2185     1
   19  25   627    -1
   20  38  4205    -1
   21  29   818    -1
   21 167 18489    -1
   22  35  1791    -1
   22  36  2555     1
   22 146 16558    -1
   41  56  2240     1
   42  65  2477    -1
   57 141 10438    -1
   59  72  2262    -1
   60  62   421     1
   65  90  5019    -1
   70  77  2124     1
   70  79  1624    -1
   71 155  8112    -1
   80 100  5059     1
   81 103  2811    -1
   90 159 14269     0
   97 103   915    -1
   98 107  1181    -1
  106 116  1034    -1
  106 125  1654    -1
  109 130  4932     1
  110 124  1675    -1
  115 128  2505    -1
  119 133  3178    -1
  127 142  2697    -1
  128 166  4038    -1
  144 158  3343     1
  145 154  2243    -1
  149 158  1449    -1
  160 177  3908     0
End
