NMec = 98498
T = 36
P = 6
Profits ignored
Solution time = 2.642e+01
Maximum possible tasks = 21
Solutions = 6691
Task data
    0  10     1     0
    0  16     1    -1
    0  18     1     1
    0  59     1    -1
    2  15     1     2
    2  24     1    -1
    2  52     1    -1
    5  59     1    -1
    6   8     1     3
    7  11     1     4
    8  41     1    -1
   11  30     1    -1
   12  27     1    -1
   12  38     1     0
   12  41     1     3
   12  46     1    -1
   13  23     1     4
   15  22     1     5
   19  22     1     1
   19  40     1     2
   26  36     1     1
   27  46     1    -1
   29  38     1     4
   29  48     1    -1
   29  55     1    -1
   31  55     1    -1
   33  44     1    -1
   35  39     1     5
   35  56     1    -1
   39  47     1     0
   40  58     1     1
   42  44     1     2
   42  50     1     3
   44  49     1     4
   44  56     1     5
   45  55     1     2
End
