NMec = 98498
T = 36
P = 1
Profits ignored
Solution time = 7.818e-02
Maximum possible tasks = 14
Solutions = 23040
Task data
    2   5     1     0
   65  74     1    -1
   71  79     1    -1
   74  79     1     0
   94  95     1    -1
   94 113     1     0
  111 124     1    -1
  114 128     1    -1
  116 191     1    -1
  118 136     1     0
  130 338     1    -1
  133 207     1    -1
  145 164     1    -1
  146 163     1    -1
  148 161     1     0
  168 173     1    -1
  168 179     1     0
  183 197     1    -1
  189 208     1    -1
  192 199     1     0
  206 224     1    -1
  215 224     1    -1
  220 227     1     0
  243 259     1    -1
  244 257     1     0
  263 274     1    -1
  270 275     1     0
  278 301     1    -1
  282 293     1     0
  306 325     1     0
  322 337     1    -1
  326 337     1    -1
  332 349     1    -1
  334 343     1     0
  344 347     1    -1
  344 356     1     0
End
