NMec = 98498
T = 36
P = 1
Profits not ignored
Solution time = 1.861e-01
Viable job selections = 10075296
Best total profit = 38636
Task data
    2   5   825     0
   65  74  2218     0
   71  79  2190    -1
   74  79   808    -1
   94  95   532    -1
   94 113  2866     0
  111 124  1967    -1
  114 128  1440    -1
  116 191 12515     0
  118 136  1569    -1
  130 338 19580    -1
  133 207  6048    -1
  145 164  4137    -1
  146 163  4034    -1
  148 161  3276    -1
  168 173   633    -1
  168 179  1595    -1
  183 197   874    -1
  189 208  1593    -1
  192 199  1001     0
  206 224  1848    -1
  215 224  1867     0
  220 227  1736    -1
  243 259  4620     0
  244 257  2523    -1
  263 274  2252     0
  270 275   765    -1
  278 301  3959     0
  282 293  2341    -1
  306 325  2994     0
  322 337  2131    -1
  326 337  1258    -1
  332 349  3519     0
  334 343   794    -1
  344 347   415    -1
  344 356  1178    -1
End
