NMec = 98498
T = 37
P = 6
Profits ignored
Solution time = 4.433e+01
Maximum possible tasks = 23
Solutions = 214
Task data
    0   3     1     0
    1   6     1     1
    4  53     1    -1
    5  25     1     0
    7  52     1    -1
    8  17     1     1
   10  31     1    -1
   14  29     1    -1
   16  21     1     2
   16  38     1    -1
   17  23     1     3
   17  31     1     4
   17  36     1    -1
   19  29     1     1
   23  32     1     2
   24  39     1     3
   25  40     1     5
   28  53     1    -1
   29  43     1     0
   29  44     1    -1
   30  38     1     1
   31  44     1    -1
   31  52     1    -1
   32  40     1     4
   32  47     1    -1
   32  53     1    -1
   34  44     1    -1
   34  46     1     2
   34  47     1    -1
   39  52     1     1
   40  48     1     3
   42  52     1     4
   43  48     1     5
   44  56     1     0
   47  59     1     2
   49  55     1     3
   50  60     1     5
End
