NMec = 98498
T = 37
P = 5
Profits ignored
Solution time = 5.723e+01
Maximum possible tasks = 22
Solutions = 101656
Task data
    0   3     1     0
    4  15     1     0
    7  19     1    -1
   10  69     1    -1
   11  18     1     1
   13  23     1     2
   13  26     1     3
   17  21     1     0
   18  27     1     4
   19  42     1    -1
   20  26     1     1
   22  33     1    -1
   22  44     1    -1
   24  32     1     0
   24  51     1    -1
   26  46     1    -1
   29  43     1    -1
   30  47     1    -1
   31  40     1     1
   31  40     1     2
   32  42     1     3
   32  47     1     4
   37  60     1    -1
   38  48     1     0
   39  60     1    -1
   42  51     1     1
   43  63     1    -1
   47  59     1    -1
   48  68     1    -1
   48  71     1    -1
   49  57     1     0
   49  57     1     2
   54  65     1     1
   56  66     1     3
   57  71     1     4
   58  69     1     0
   65  73     1     2
End
