NMec = 98498
T = 37
P = 7
Profits not ignored
Solution time = 1.631e+02
Viable job selections = 6671155455
Best total profit = 52904
Task data
    0  35  2139    -1
    0  46  9353     0
    1  12  2506     1
    2  16  3762     2
    3  39  3516    -1
    4  50  4401    -1
    5  52  6076    -1
    7  16  1404    -1
    7  31  5490     3
    7  43  4018    -1
    8  21  1593     4
    8  27  2295    -1
    9  22  2767     5
   10  22  2018    -1
   11  26  2729     6
   14  21   551    -1
   14  27  1282    -1
   15  34  3949     1
   20  30   883    -1
   21  43  5082     2
   22  33  3285     4
   22  39  1804    -1
   23  29  1101     5
   23  31   744    -1
   26  30   544    -1
   27  31   683    -1
   28  34  1144    -1
   29  46  2883    -1
   29  49  3514     6
   30  43  2250     5
   32  49  1770     3
   33  42  1655    -1
   36  46  1456    -1
   36  51  1787     1
   37  39   310    -1
   37  50  1966     4
   39  44   891    -1
End
