NMec = 98498
T = 37
P = 5
Profits not ignored
Solution time = 1.506e+02
Viable job selections = 7801040200
Best total profit = 48749
Task data
    0   3   694     0
    4  15  1791     0
    7  19  1373     1
   10  69  6897     2
   11  18  1154     3
   13  23   880    -1
   13  26  3267     4
   17  21  1034     0
   18  27  1987    -1
   19  42  4068     3
   20  26  1087     1
   22  33   968    -1
   22  44  4065     0
   24  32  1079    -1
   24  51  1870    -1
   26  46  2779    -1
   29  43  2962     1
   30  47  1929    -1
   31  40  1947     4
   31  40   948    -1
   32  42  1361    -1
   32  47  1916    -1
   37  60  3136    -1
   38  48  1524    -1
   39  60  3704    -1
   42  51  2169     4
   43  63  1843    -1
   47  59  1906     0
   48  68  1158    -1
   48  71  3867     1
   49  57  1177    -1
   49  57  1605     3
   54  65  1590    -1
   56  66  1689    -1
   57  71  4076     4
   58  69  3025     3
   65  73  1762     0
End
