NMec = 98498
T = 37
P = 6
Profits not ignored
Solution time = 1.197e+02
Viable job selections = 5971160980
Best total profit = 47567
Task data
    0   3   472     0
    1   6  1282     1
    4  53  8334     0
    5  25  4728     2
    7  52  3076    -1
    8  17  1164     1
   10  31  2562     3
   14  29  2240     4
   16  21   625    -1
   16  38  3904     5
   17  23  1395    -1
   17  31  1738    -1
   17  36  2625    -1
   19  29  1693     1
   23  32  2403    -1
   24  39  1814    -1
   25  40  2076    -1
   28  53  3329    -1
   29  43  1689    -1
   29  44  2580     2
   30  38  1077    -1
   31  44  1557    -1
   31  52  3170    -1
   32  40  2127     1
   32  47  3231     3
   32  53  5152     4
   34  44  1069    -1
   34  46  1558    -1
   34  47  1644    -1
   39  52  3820     5
   40  48  1224    -1
   42  52  1859     1
   43  48   732    -1
   44  56   995    -1
   47  59   915     2
   49  55  1504     3
   50  60   869    -1
End
