NMec = 98498
T = 37
P = 8
Profits not ignored
Solution time = 1.832e+02
Viable job selections = 9994680198
Best total profit = 62071
Task data
    0  16  4200     0
    0  37  3436    -1
    1   9  1539     1
    4   9  1008     2
    4  24  1698    -1
    5  16  1438     3
    6  19  3754     4
    6  45 10922     5
    8  17  1870     6
    8  27  1849    -1
    9  23  2275    -1
   10  33  3438    -1
   12  20  1971     1
   12  27  1984    -1
   12  34  3635    -1
   12  34  6130     2
   12  38  3503    -1
   13  24  2344    -1
   14  20  1163    -1
   14  27  3340     7
   15  22  1943    -1
   15  27  1769    -1
   17  41  5430     0
   18  25  1145    -1
   18  26  1322    -1
   18  27  2323     3
   19  23   849     6
   20  44  4156     4
   21  35  2724    -1
   22  43  3753     1
   24  38  3123     6
   28  44  2947     3
   31  43  1107    -1
   33  39  1603     7
   37  39   477    -1
   38  45  1274     2
   39  41   441     6
End
