NMec = 98498
T = 37
P = 4
Profits not ignored
Solution time = 7.142e+01
Viable job selections = 4152680369
Best total profit = 55179
Task data
    1   7   952     0
    1  92 11250     1
    2  91 10004    -1
    5  22  1589    -1
    6  30  4835     2
    9  26  3968     0
   11  18  1548     3
   13  37  2989    -1
   14  24   827    -1
   18  27   850    -1
   22  45  4699     3
   24  44  2394    -1
   27  43  2730    -1
   28  36  1274     0
   28  44  2192    -1
   30  48  3170    -1
   35  45  2324     2
   35  50  1080    -1
   37  39   334     0
   41  91  8679     0
   43  50   870    -1
   47  62  2177    -1
   49  58   945    -1
   49  74  6477     2
   49  75  3865    -1
   53  60   560    -1
   53  66  2007    -1
   55  79  5693     3
   58  74  2171    -1
   63  68   968    -1
   67  90  1849    -1
   69  73   697    -1
   69  75   945    -1
   76  84  1189    -1
   79  90  1595     2
   81  87  1551     3
   84  92  1260    -1
End
