NMec = 98498
T = 37
P = 3
Profits not ignored
Solution time = 1.934e+01
Viable job selections = 1129413950
Best total profit = 64203
Task data
    0  17  2280    -1
    0  24  5476     0
    0 100 11736    -1
    0 123 18220     1
    3  10  1318     2
    3  25  1756    -1
    8  18  1190    -1
   11  28  4857     2
   13  47  4251    -1
   23  33  1219    -1
   34  52  2452     0
   36 117 22024     2
   39  45   771    -1
   39  48   991    -1
   41  51  1076    -1
   44  53  1270    -1
   44  55  1763    -1
   45  50   418    -1
   48  49   433    -1
   50  64  1470    -1
   55  67  1310    -1
   58  81  1709    -1
   60  76  4102     0
   62  73  1262    -1
   65  83  1356    -1
   76  83  1519    -1
   77  89  1770     0
   83  94  3211    -1
   84  97  1543    -1
   85 110  2798    -1
   90 102  1550    -1
   91 104  3049     0
   93  94   465    -1
   94 117  1893    -1
  103 108  1094    -1
  104 120  1332    -1
  105 118   935     0
End
