NMec = 98498
T = 37
P = 7
Profits ignored
Solution time = 5.727e+01
Maximum possible tasks = 22
Solutions = 112
Task data
    0  35     1    -1
    0  46     1    -1
    1  12     1     0
    2  16     1    -1
    3  39     1    -1
    4  50     1    -1
    5  52     1    -1
    7  16     1     1
    7  31     1    -1
    7  43     1    -1
    8  21     1     2
    8  27     1    -1
    9  22     1     3
   10  22     1     4
   11  26     1     5
   14  21     1     0
   14  27     1     6
   15  34     1    -1
   20  30     1     1
   21  43     1    -1
   22  33     1     0
   22  39     1    -1
   23  29     1     2
   23  31     1     3
   26  30     1     4
   27  31     1     5
   28  34     1     6
   29  46     1    -1
   29  49     1    -1
   30  43     1    -1
   32  49     1     1
   33  42     1     2
   36  46     1     0
   36  51     1     3
   37  39     1     4
   37  50     1     5
   39  44     1     6
End
