NMec = 98498
T = 37
P = 1
Profits not ignored
Solution time = 7.944e-01
Viable job selections = 46785692
Best total profit = 55363
Task data
    8  19  1720     0
   42 308 49295     0
   47  55  1602    -1
   54  72  1679    -1
   67  69   265    -1
   67  69   683    -1
   71  75  1269    -1
   75  85  2202    -1
   86 101  3154    -1
   89  96  1033    -1
  101 365 44957    -1
  112 126  2395    -1
  122 132  1501    -1
  129 137  1596    -1
  129 153  6279    -1
  140 154  2166    -1
  168 175  1824    -1
  170 173   374    -1
  177 185  1520    -1
  184 193  1337    -1
  190 198  2182    -1
  214 221   884    -1
  216 221  1519    -1
  226 238  2148    -1
  236 242   569    -1
  241 253  3108    -1
  247 249   323    -1
  251 270  1660    -1
  257 272  2817    -1
  265 281  1702    -1
  268 271   580    -1
  296 308   992    -1
  304 314  2090    -1
  305 363  9340    -1
  327 339  3098     0
  351 359  1063    -1
  352 365  1250     0
End
