NMec = 98498
T = 37
P = 2
Profits not ignored
Solution time = 1.718e+00
Viable job selections = 105702563
Best total profit = 56029
Task data
    0 183 17831    -1
    1  14  1844     0
    9  25  1507     1
   11  24  1335    -1
   13  29  1345    -1
   16  23  1437     0
   16  31  2601    -1
   20  28  2007    -1
   20  28   520    -1
   20  32  1609    -1
   24 178 22681     0
   27 112 21860     1
   33 175 16706    -1
   38  45  1217    -1
   50  60  1124    -1
   53  62  1760    -1
   61  77  1113    -1
   62  79  1614    -1
   67  78  1678    -1
   75  83  1356    -1
   81 100  1526    -1
   85  88  1010    -1
   87 102  1595    -1
   91 106  3525    -1
   98 117  5528    -1
  101 112  1503    -1
  115 135  2564    -1
  118 136  2310    -1
  119 146  4198     1
  121 122   348    -1
  129 169  3367    -1
  134 146  2309    -1
  142 153   907    -1
  145 154  2053    -1
  150 151   115    -1
  150 155   564     1
  166 176  1938     1
End
