NMec = 98498
T = 37
P = 8
Profits ignored
Solution time = 6.389e+01
Maximum possible tasks = 23
Solutions = 213
Task data
    0  16     1     0
    0  37     1    -1
    1   9     1     1
    4   9     1     2
    4  24     1    -1
    5  16     1     3
    6  19     1     4
    6  45     1    -1
    8  17     1     5
    8  27     1    -1
    9  23     1    -1
   10  33     1    -1
   12  20     1     1
   12  27     1    -1
   12  34     1    -1
   12  34     1    -1
   12  38     1    -1
   13  24     1    -1
   14  20     1     2
   14  27     1    -1
   15  22     1    -1
   15  27     1     6
   17  41     1    -1
   18  25     1     0
   18  26     1     3
   18  27     1     5
   19  23     1     7
   20  44     1     4
   21  35     1     1
   22  43     1     2
   24  38     1     7
   28  44     1     0
   31  43     1     3
   33  39     1     5
   37  39     1     1
   38  45     1     6
   39  41     1     7
End
