NMec = 98498
T = 38
P = 6
Profits not ignored
Solution time = 6.517e+02
Viable job selections = 35742117168
Best total profit = 50575
Task data
    0   9  1373     0
    1   8  1187     1
    1   9  2119     2
    2  20  1625    -1
    4  13   951    -1
    4  15  1320     3
    4  19  1633    -1
    5  12  1000    -1
    5  24  3888     4
    7  11  1064    -1
    7  12  1189    -1
    8  27  3648     5
    8  62  4247    -1
    9  30  4467     1
   12  49  6977     0
   14  30  1436    -1
   16  19   453     2
   16  26  1725    -1
   17  27  2653     3
   23  28   838    -1
   23  40  3037    -1
   24  33  1300    -1
   24  41  1283    -1
   24  50  6802     2
   25  38  1814     4
   28  40  2318     3
   30  54  4161     5
   31  42  1109    -1
   33  43  2312     1
   33  58  2693    -1
   38  57  2088    -1
   43  54   919     3
   44  47   425    -1
   44  62  1697     1
   45  51   673    -1
   47  54  1554     4
   47  58   700    -1
   56  62   913     0
End
