NMec = 98498
T = 38
P = 1
Profits not ignored
Solution time = 3.667e-01
Viable job selections = 19751376
Best total profit = 56509
Task data
    2  26  2685     0
    4  13  1625    -1
   32  45  1240    -1
   33 282 37799    -1
   34  51  1442    -1
   39  49  1498     0
   52  56   549    -1
   52 361 52326     0
   58  83  3677    -1
   72  90  2882    -1
   77 301 15288    -1
   86  94   952    -1
  118 140  3255    -1
  122 125   340    -1
  127 135   592    -1
  133 234  8717    -1
  139 148  1227    -1
  146 150  1078    -1
  146 152  1341    -1
  156 160   675    -1
  162 231 15268    -1
  164 173  1193    -1
  171 182  1016    -1
  180 198  2794    -1
  193 212  4699    -1
  195 222  6477    -1
  218 229  2338    -1
  265 272   840    -1
  274 282  1221    -1
  274 286  1778    -1
  294 312  3802    -1
  296 318  3654    -1
  301 309  2506    -1
  324 350  2477    -1
  328 339  1985    -1
  332 342  1543    -1
  338 361  5529    -1
  356 377  2917    -1
End
