NMec = 98498
T = 38
P = 7
Profits not ignored
Solution time = 1.239e+03
Viable job selections = 63268849340
Best total profit = 57411
Task data
    0   8  1042     0
    0  17  3396     1
    1   2   207     2
    1  41  7788     3
    2   7   410     4
    2  21  1918    -1
    3  12  2230     2
    3  24  3840     5
    6   9   765     6
    8  20  1809     4
    9  26  2024    -1
    9  28  2580     0
   11  18  1892     6
   11  20  1032    -1
   17  23   855    -1
   17  29   738    -1
   17  38  3319     2
   17  39  2511    -1
   20  28   809     1
   20  33  1013     6
   22  34   932     4
   22  48  3485    -1
   24  40  1769    -1
   25  29   502    -1
   27  50  3743     5
   28  41  2021    -1
   28  41  1399    -1
   30  36  1820     0
   31  38   916    -1
   32  50  5239     1
   34  46  1258    -1
   34  47  1490    -1
   36  53  4307     4
   37  48  2609     0
   38  46  1864    -1
   38  52  3377     6
   42  49  1482     2
   42  54  2802     3
End
