NMec = 98498
T = 38
P = 3
Profits not ignored
Solution time = 6.722e+01
Viable job selections = 4209142912
Best total profit = 52633
Task data
    2  14  2394     0
    3  10  1715     1
    5  15  1032     2
    6  52  4392    -1
   16  26  1112     0
   18  34  2406    -1
   21  30   936     1
   22  37  1535    -1
   27  59  6082     0
   28 125 18707     2
   29  42  1375    -1
   31 122 10789    -1
   32  44  1576     1
   38  50  2222    -1
   38  56  2354    -1
   41  59  1878    -1
   45  53  1687    -1
   47  70  2802    -1
   48  72  3753     1
   52  62  1452    -1
   58  74  2289    -1
   64  68   771     0
   69  78  1843     0
   71  78  1329    -1
   73  98  5046     1
   76  89  1198    -1
   81  96  1750    -1
   82  86   683    -1
   83  98   906    -1
   85  94  1358    -1
   85 102  3439     0
   89  99  1026    -1
   97 110  2338    -1
   99 105  1400     1
  102 115  1294    -1
  107 110   988     0
  108 124  1392     1
  111 114   447     0
End
