NMec = 98498
T = 38
P = 2
Profits not ignored
Solution time = 1.351e+01
Viable job selections = 728057972
Best total profit = 56636
Task data
    3  10  1206     0
    4  14  1377     1
    5  29  2351    -1
    7  16   902    -1
   11 108 17447     0
   17  83  8379    -1
   28  40  2545    -1
   29  42  3132     1
   38  53  2838    -1
   47  64  2018     1
   53  72  3059    -1
   60  62   502    -1
   63  74  1174    -1
   65  76  2402     1
   66  70   492    -1
   73  83  1565    -1
   78  96  3396    -1
   81 144 10267     1
   82  91  2390    -1
   89 100  1123    -1
  110 137  3353     0
  113 124  2763    -1
  116 128  1652    -1
  120 141  3331    -1
  140 142   652    -1
  140 163  3956     0
  142 150  1120    -1
  144 160  2156    -1
  149 159  1708     1
  153 160   931    -1
  153 167  1510    -1
  160 172  1445    -1
  160 173  2277     1
  163 178  1797    -1
  164 185  2490    -1
  166 182  4596     0
  174 179   969    -1
  174 189  2897     1
End
