NMec = 98498
T = 38
P = 8
Profits not ignored
Solution time = 3.931e+02
Viable job selections = 20853945167
Best total profit = 58332
Task data
    0   8  1398     0
    1   9   811    -1
    1  10  1868     1
    1  14  3013     2
    2  18  4025     3
    3  10  1797     4
    3  22  2795     5
    4  11  1113    -1
    4  19  2211     6
    6  34  4349    -1
    8  19  1718     7
    8  32  2245    -1
   11  25  3499     0
   13  23  2824     1
   14  30  4372     4
   15  34  2088    -1
   15  34  2493    -1
   15  39  4036     2
   17  29  2313    -1
   17  41  1886    -1
   18  25  1283    -1
   18  45  3454    -1
   19  30   795    -1
   20  32  1313    -1
   20  37  1658    -1
   21  31   873    -1
   21  43  3992     3
   22  32  1736    -1
   23  39  3964     5
   23  44  4027     6
   24  29   983    -1
   24  40  3861     1
   24  45  4503     7
   25  37  1770    -1
   29  43  2555     0
   31  43  1874     4
   33  45   916    -1
   36  44   780    -1
End
