NMec = 98498
T = 38
P = 5
Profits not ignored
Solution time = 9.510e+01
Viable job selections = 4313375319
Best total profit = 52021
Task data
    4  31  2105     0
    4  72 10715     1
   10  26  1651    -1
   10  74  8594    -1
   11  21  1957     2
   12  24  2307     3
   19  41  2476    -1
   21  31  1778     4
   27  38  2408     2
   27  39  1977    -1
   28  51  3039    -1
   29  47  4489     3
   30  37  1304    -1
   31  43  1447    -1
   33  44  2878     0
   33  45  2104    -1
   33  51  3460    -1
   33  72  6658    -1
   34  74  7338     4
   36  42  1925    -1
   36  57  4029    -1
   38  50  2708    -1
   38  60  2913    -1
   40  51  1819     2
   45  59  2798     0
   46  48   585    -1
   52  58  1876     2
   53  62  1593    -1
   54  73  2121    -1
   55  63  1148    -1
   55  71  2625    -1
   56  75  5181     3
   61  68  1216    -1
   62  70  1141    -1
   62  72  2360     0
   62  74  2012     2
   64  67   905    -1
   64  70   444    -1
End
