NMec = 98498
T = 38
P = 4
Profits not ignored
Solution time = 3.130e+01
Viable job selections = 1645901420
Best total profit = 43061
Task data
    0  83  7564    -1
    1  15  1400     0
    2   8   763     1
    3  20  1794     2
    7  29  2818     3
   16  29  3464     0
   16  33  1292    -1
   17  27  1809    -1
   18  94 11676     1
   24  38  1803    -1
   24  38  1846    -1
   26  45  2590    -1
   27  43  1614    -1
   27  45  2989     2
   28  34   703    -1
   33  48  1487     0
   48  80  5015     2
   49  61   886    -1
   51  76  2249    -1
   52  64  2273     0
   52  76  2949    -1
   53  62  1364    -1
   55  59  1053    -1
   56  68  2703     3
   56  75  1965    -1
   59  79  3596    -1
   62  67   642    -1
   63  87  2240    -1
   64  75   918    -1
   64  76  1478    -1
   67  84  3384     0
   68  78  1484    -1
   71  84  2287     3
   72  82   887    -1
   73  92  2022    -1
   75  86  2175    -1
   79  82   340    -1
   83  89  1008     2
End
