NMec = 98498
T = 39
P = 5
Profits ignored
Solution time = 7.973e+02
Maximum possible tasks = 25
Solutions = 240
Task data
    2  31     1    -1
    2  59     1    -1
    3   7     1     0
    5  12     1     1
    6  18     1    -1
    8  18     1    -1
    8  28     1    -1
   10  19     1     0
   10  23     1     2
   11  24     1     3
   13  36     1    -1
   15  32     1     1
   18  24     1     4
   21  28     1     0
   22  65     1    -1
   25  35     1     2
   25  38     1     3
   25  40     1     4
   27  43     1    -1
   30  39     1     0
   30  45     1    -1
   33  40     1     1
   37  58     1    -1
   38  45     1     2
   39  54     1     3
   40  54     1     0
   42  54     1     1
   43  50     1     4
   50  63     1     2
   50  68     1    -1
   51  56     1     4
   51  76     1    -1
   53  68     1    -1
   56  67     1    -1
   57  66     1     0
   57  73     1     1
   59  69     1     3
   64  67     1     2
   65  66     1     4
End
