NMec = 98498
T = 39
P = 4
Profits not ignored
Solution time = 4.204e+02
Viable job selections = 25253084976
Best total profit = 59162
Task data
    0   1   224     0
    0  16  4097     1
    1   7   534     2
    6  11  1451     0
    7  25  1620    -1
    9  21  1964     2
   12  96 13690     0
   14  26  2442    -1
   14  27  2889    -1
   15  36  4445     3
   16  22   994    -1
   17  22   514    -1
   17  34  3741     1
   19  42  3742    -1
   22  31  1797    -1
   24  45  3640     2
   25  33   832    -1
   31  32   410    -1
   36  52  1576     1
   40  55  4048     3
   41  62  1466    -1
   42  67  2022    -1
   43  64  1728    -1
   52  60  1958     2
   54  65  2753     1
   55  64  1261    -1
   55  65  1846    -1
   56  80  2594    -1
   60  73  2923     3
   62  79  3282     2
   63  88  4527    -1
   70  87  1878     1
   71  81  1279    -1
   73  79  1695    -1
   75  77   498     3
   79  94  2236     3
   80  96  2264     2
   87  94  1215    -1
   88  96  1960     1
End
