NMec = 98498
T = 39
P = 2
Profits not ignored
Solution time = 3.118e+00
Viable job selections = 172549200
Best total profit = 42781
Task data
    2  19  1960     0
    7  18  1319    -1
   15  82 11278     1
   17  25  1382    -1
   18  35  2327    -1
   27  42  4127     0
   29 108 10373    -1
   31  43   946    -1
   31  45  2529    -1
   32  47  2693    -1
   35  57  2906    -1
   41  56  3027    -1
   41  66  4435    -1
   44  63  3712    -1
   47  62  3807     0
   53  60   899    -1
   54  77  3688    -1
   55  70  1306    -1
   58  68   826    -1
   59  78  1707    -1
   63  75   683    -1
   63  79  1408     0
   66  90  2173    -1
   83  94  1286     0
   86  93  1149     1
  103 122  3715     0
  104 120  2623     1
  113 126  1113    -1
  115 127  3318    -1
  119 134  2509    -1
  122 130  1920     1
  139 152  1113     0
  145 165  2359     1
  148 162  1856    -1
  158 184  2592     0
  163 178  1370    -1
  165 177  1140    -1
  166 182  3444     1
  171 178   833    -1
End
