NMec = 98498
T = 39
P = 3
Profits not ignored
Solution time = 3.615e+00
Viable job selections = 201691164
Best total profit = 73416
Task data
    0 123 21337    -1
    2  21  2462     0
    2  60  8364    -1
    2 112 11078    -1
    2 127 14598    -1
    4  91 10971    -1
    5  17  2185    -1
    6 101 17768     1
    8  20  1072    -1
    9  10   371    -1
    9 127 29310     2
   13  20  1490    -1
   16 127 18761    -1
   17  35  1898    -1
   20  45  3838    -1
   23  31  1782    -1
   26 109 19939     0
   29  46  2328    -1
   30  35  1177    -1
   30  36  1059    -1
   30  51  4301    -1
   32  39  1040    -1
   48  60  1051    -1
   55  68  2269    -1
   56  74  1575    -1
   59  66  1824    -1
   61  67  1683    -1
   61  75  2017    -1
   67  88  3139    -1
   70  81  2331    -1
   73  94  3043    -1
   84  99  3837    -1
   84 107  2390    -1
   91 115  5892    -1
   92 111  1835    -1
   95 114  5049    -1
   98 103   571    -1
  105 118  2029    -1
  105 121  3937     1
End
