NMec = 98498
T = 39
P = 1
Profits not ignored
Solution time = 1.503e+00
Viable job selections = 81924434
Best total profit = 50710
Task data
    7  11   643     0
    9 220 28371    -1
   13 368 37965    -1
   17  25   737     0
   35  46  2123    -1
   36  40  1248     0
   38 275 19712    -1
   42  52   991    -1
   46  58  2748     0
   75  86  1689     0
   81  86   755    -1
   87  88   345     0
  101 256 27751     0
  104 108   631    -1
  115 126  1973    -1
  124 138  3113    -1
  129 133   656    -1
  136 137   483    -1
  139 154  1678    -1
  143 156  2639    -1
  169 181  1374    -1
  204 215  1007    -1
  207 230  3480    -1
  227 230   485    -1
  230 251  4452    -1
  232 250  5051    -1
  233 274  4395    -1
  263 273  1117     0
  263 276  1955    -1
  268 275  1105    -1
  276 292  2501     0
  295 304  1070     0
  313 333  4840     0
  332 341  1373    -1
  336 345  1394    -1
  338 349  2473     0
  344 359  1262    -1
  351 367  2646    -1
  353 377  3548     0
End
