NMec = 98498
T = 39
P = 6
Profits ignored
Solution time = 1.771e+03
Maximum possible tasks = 27
Solutions = 538
Task data
    1  13     1     0
    1  15     1    -1
    2   9     1     1
    3  12     1     2
    4  19     1    -1
    5  12     1     3
    7  10     1     4
    9  14     1     5
   10  18     1     1
   10  35     1    -1
   12  18     1     4
   13  28     1     2
   14  23     1     0
   14  27     1     3
   16  33     1    -1
   16  39     1    -1
   18  31     1     5
   22  31     1     1
   24  29     1     0
   26  38     1     4
   27  49     1    -1
   27  51     1    -1
   28  39     1     3
   29  33     1     2
   30  49     1    -1
   31  50     1    -1
   33  38     1     0
   35  47     1    -1
   35  48     1    -1
   36  50     1    -1
   38  47     1     1
   38  62     1     2
   39  44     1     0
   40  55     1     3
   44  52     1     4
   45  63     1     0
   46  52     1     5
   49  61     1     1
   53  63     1     4
End
