NMec = 98498
T = 39
P = 7
Profits not ignored
Solution time = 2.215e+02
Viable job selections = 37978471428
Best total profit = 60662
Task data
    2   5  1036     0
    3  19  2405    -1
    3  29  3204    -1
    4  17  2544     1
    4  23  3603     2
    5  13  1129     3
    6  49  6368    -1
    8  29  2745    -1
    9  21  2468     0
   10  12   300    -1
   10  20  1138    -1
   11  52  7598     4
   11  52 11898     5
   12  27  3341     6
   12  37  2575    -1
   13  31  2771    -1
   14  23  2092     3
   16  23   860    -1
   18  30  1510     1
   18  36  1933    -1
   24  44  5228     0
   24  46  3439    -1
   25  39  3514     2
   26  50  2305    -1
   27  36  1692    -1
   27  49  4137     3
   28  40  1285    -1
   28  43  2223    -1
   28  51  3153     6
   29  31   461    -1
   31  35   503    -1
   34  41   873    -1
   34  44  2866     1
   35  41   808    -1
   40  48  1695    -1
   40  48  1412    -1
   40  54  2795     2
   46  52  1189     0
   50  55   561     1
End
