NMec = 98498
T = 39
P = 5
Profits not ignored
Solution time = 8.585e+02
Viable job selections = 43578146702
Best total profit = 54711
Task data
    2  31  3393    -1
    2  59  4812    -1
    3   7   581     0
    5  12   862     1
    6  18  1725    -1
    8  18  1072    -1
    8  28  2994     0
   10  19  1852     2
   10  23  3634     3
   11  24  2562     4
   13  36  2331    -1
   15  32  2785     1
   18  24   862    -1
   21  28  1089    -1
   22  65  9926     2
   25  35  1298     3
   25  38  1537     4
   25  40  1085    -1
   27  43  1642    -1
   30  39  1939     0
   30  45  1752    -1
   33  40   856     1
   37  58  2939    -1
   38  45  1198     3
   39  54  2886     4
   40  54  3514     0
   42  54  2588    -1
   43  50  1503     1
   50  63  3807     3
   50  68  1706    -1
   51  56   844    -1
   51  76  3677     1
   53  68   959    -1
   56  67   971    -1
   57  66  1303    -1
   57  73  3556     0
   59  69  3033     4
   64  67   711     3
   65  66   174    -1
End
