NMec = 98498
T = 39
P = 6
Profits not ignored
Solution time = 6.920e+02
Viable job selections = 106960711958
Best total profit = 66444
Task data
    1  13  2604     0
    1  15  2291     1
    2   9   885     2
    3  12  1472     3
    4  19  1386    -1
    5  12   550     4
    7  10   908     5
    9  14   530    -1
   10  18  1372    -1
   10  35  5402     2
   12  18  1653     5
   13  28  3318     3
   14  23  1622     0
   14  27  3927     4
   16  33  2892     1
   16  39  3278    -1
   18  31  2162    -1
   22  31  1955     5
   24  29  1574    -1
   26  38  2357    -1
   27  49  3782    -1
   27  51  6292     0
   28  39  3373     4
   29  33   699    -1
   30  49  4890     3
   31  50  1780    -1
   33  38  1074     5
   35  47  2072     1
   35  48  1456    -1
   36  50  2022    -1
   38  47  1772    -1
   38  62  6256     2
   39  44  1437     5
   40  55  3609     4
   44  52  2224    -1
   45  63  4378     5
   46  52   847    -1
   49  61  1582     1
   53  63  2002     0
End
