NMec = 98498
T = 39
P = 7
Profits ignored
Solution time = 5.874e+02
Maximum possible tasks = 24
Solutions = 4165
Task data
    2   5     1     0
    3  19     1    -1
    3  29     1    -1
    4  17     1     1
    4  23     1    -1
    5  13     1     2
    6  49     1    -1
    8  29     1    -1
    9  21     1     0
   10  12     1     3
   10  20     1     4
   11  52     1    -1
   11  52     1    -1
   12  27     1     5
   12  37     1    -1
   13  31     1     3
   14  23     1     2
   16  23     1     6
   18  30     1     1
   18  36     1    -1
   24  44     1    -1
   24  46     1    -1
   25  39     1     0
   26  50     1    -1
   27  36     1     2
   27  49     1    -1
   28  40     1    -1
   28  43     1    -1
   28  51     1     4
   29  31     1     5
   31  35     1     1
   34  41     1     3
   34  44     1     5
   35  41     1     6
   40  48     1     0
   40  48     1     1
   40  54     1     2
   46  52     1     3
   50  55     1     0
End
