NMec = 98498
T = 39
P = 8
Profits ignored
Solution time = 8.852e+02
Maximum possible tasks = 25
Solutions = 1212
Task data
    0   3     1     0
    0  22     1    -1
    1  10     1     1
    2   4     1     2
    2   9     1     3
    3  12     1     4
    4  12     1     0
    4  42     1    -1
    6  48     1    -1
    9  26     1    -1
   10  19     1     2
   10  23     1    -1
   11  24     1    -1
   11  25     1    -1
   11  34     1    -1
   11  42     1    -1
   12  13     1     1
   12  29     1    -1
   13  23     1     0
   14  22     1     1
   14  30     1     3
   15  26     1     4
   15  37     1    -1
   16  26     1     5
   16  30     1     6
   16  34     1    -1
   16  38     1    -1
   17  46     1    -1
   19  32     1     7
   22  40     1     2
   23  27     1     1
   25  42     1     0
   28  42     1     1
   29  33     1     4
   31  44     1     3
   32  39     1     5
   33  38     1     6
   33  41     1     7
   40  48     1     4
End
