NMec = 98498
T = 39
P = 8
Profits not ignored
Solution time = 3.298e+02
Viable job selections = 50406798928
Best total profit = 52100
Task data
    0   3   455     0
    0  22  5025     1
    1  10  1204     2
    2   4   458     3
    2   9  1440     4
    3  12  1813     5
    4  12  1121     0
    4  42  5953     6
    6  48  6189     3
    9  26  1865    -1
   10  19  1247    -1
   10  23  1352    -1
   11  24  1475    -1
   11  25  2147     2
   11  34  5180     4
   11  42  2702    -1
   12  13   346     7
   12  29   991    -1
   13  23  1391    -1
   14  22  1906     0
   14  30  1283    -1
   15  26  1750    -1
   15  37  4669     5
   16  26  1043    -1
   16  30  2824     7
   16  34  3450    -1
   16  38  3717    -1
   17  46  3203    -1
   19  32  1032    -1
   22  40  1869    -1
   23  27   709     0
   25  42  2047     1
   28  42  3336     0
   29  33   511    -1
   31  44  2973     2
   32  39  1128    -1
   33  38  1606     7
   33  41  1022    -1
   40  48   699     4
End
