01 01 998
02 01 3145
02 02 3254
03 01 1637
03 02 4349
03 03 7633
04 01 2746
04 02 5016
04 03 5497
04 04 4909
05 01 4183
05 02 8593
05 03 6821
05 04 11173
05 05 10366
06 01 5427
06 02 8434
06 03 10336
06 04 14418
06 05 15159
06 06 10426
07 01 7064
07 02 13084
07 03 14319
07 04 12882
07 05 14876
07 06 8744
07 07 12792
08 01 7936
08 02 8399
08 03 8521
08 04 12319
08 05 17020
08 06 19090
08 07 18054
08 08 17607
09 01 9119
09 02 8329
09 03 13115
09 04 15240
09 05 15296
09 06 21562
09 07 14561
09 08 16800
10 01 10285
10 02 11315
10 03 13090
10 04 12858
10 05 16476
10 06 19489
10 07 16480
10 08 17311
11 01 9708
11 02 12324
11 03 13213
11 04 16788
11 05 16065
11 06 21488
11 07 18135
11 08 20385
12 01 13823
12 02 16981
12 03 18035
12 04 16423
12 05 17064
12 06 23741
12 07 23838
12 08 19653
13 01 12159
13 02 13885
13 03 18213
13 04 15052
13 05 17754
13 06 17819
13 07 21758
13 08 20541
14 01 13613
14 02 19167
14 03 13308
14 04 19276
14 05 15550
14 06 22656
14 07 19649
14 08 26646
15 01 14630
15 02 22171
15 03 22992
15 04 19142
15 05 16083
15 06 19536
15 07 17439
15 08 28718
16 01 17631
16 02 22331
16 03 25101
16 04 18733
16 05 21727
16 06 22895
16 07 23284
16 08 31477
17 01 25625
17 02 20147
17 03 25594
17 04 23968
17 05 19500
17 06 22259
17 07 25294
17 08 31511
18 01 19745
18 02 25433
18 03 19426
18 04 27696
18 05 28034
18 06 23102
18 07 21868
18 08 30452
19 01 26125
19 02 35207
19 03 27956
19 04 27643
19 05 28506
19 06 23708
19 07 24321
19 08 28095
20 01 18954
20 02 29516
20 03 29204
20 04 30902
20 05 28801
20 06 27924
20 07 31698
20 08 34234
21 01 25661
21 02 34491
21 03 35320
21 04 28459
21 05 26818
21 06 30584
21 07 29384
21 08 34730
22 01 39555
22 02 24769
22 03 32868
22 04 34084
22 05 24231
22 06 28509
22 07 32069
22 08 24400
23 01 48952
23 02 31992
23 03 35339
23 04 29704
23 05 30214
23 06 24514
23 07 28337
23 08 32435
24 01 33671
24 02 34134
24 03 33004
24 04 25459
24 05 33248
24 06 30008
24 07 31247
24 08 32808
25 01 57419
25 02 52443
25 03 34495
25 04 36527
25 05 37957
25 06 36766
25 07 32250
25 08 34371
26 01 55615
26 02 34931
26 03 37880
26 04 28057
26 05 26289
26 06 34231
26 07 36209
26 08 35137
27 01 40042
27 02 35946
27 03 44688
27 04 42697
27 05 34521
27 06 32332
27 07 37342
27 08 33583
28 01 33861
28 02 30045
28 03 47180
28 04 46643
28 05 37246
28 06 41601
28 07 36127
28 08 38018
29 01 44982
29 02 38768
29 03 39904
29 04 41677
29 05 44336
29 06 44946
29 07 46793
29 08 42391
30 01 23239
30 02 52699
30 03 39412
30 04 40787
30 05 37871
30 06 36641
30 07 38553
30 08 39935
31 01 36732
31 02 43030
31 03 45537
31 04 41828
31 05 46114
31 06 51576
31 07 44447
31 08 36213
32 01 44981
32 02 62855
32 03 37323
32 04 44100
32 05 41564
32 06 43163
32 07 51134
32 08 44772
33 01 37611
33 02 59538
33 03 44550
33 04 55579
33 05 53646
33 06 54102
33 07 47126
33 08 42852
34 01 33319
34 02 47945
34 03 53228
34 04 43937
34 05 44338
34 06 55748
34 07 55743
34 08 45428
35 01 61082
35 02 38815
35 03 43432
35 04 51536
35 05 48385
35 06 60738
35 07 39691
35 08 51637
36 01 38636
36 02 55125
36 03 48963
36 04 59012
36 05 51417
36 06 60832
36 07 58463
36 08 52280
37 01 55363
37 02 56029
37 03 64203
37 04 55179
37 05 48749
37 06 47567
37 07 52904
37 08 62071
38 01 56509
38 02 56636
38 03 52633
38 04 43061
38 05 52021
38 06 50575
38 07 57411
38 08 58332
39 01 50710
39 02 42781
39 03 73416
39 04 59162
39 05 54711
39 06 66444
39 07 60662
39 08 52100
