01 01 1
02 01 1
02 02 2
03 01 1
03 02 2
03 03 3
04 01 2
04 02 3
04 03 3
04 04 4
05 01 1
05 02 3
05 03 3
05 04 5
05 05 5
06 01 4
06 02 2
06 03 4
06 04 5
06 05 5
06 06 6
07 01 4
07 02 5
07 03 4
07 04 6
07 05 6
07 06 7
07 07 7
08 01 3
08 02 4
08 03 3
08 04 6
08 05 6
08 06 7
08 07 8
08 08 8
09 01 3
09 02 4
09 03 5
09 04 7
09 05 6
09 06 9
09 07 9
09 08 9
10 01 6
10 02 5
10 03 4
10 04 7
10 05 10
10 06 8
10 07 9
10 08 10
11 01 5
11 02 4
11 03 5
11 04 7
11 05 8
11 06 7
11 07 9
11 08 11
12 01 4
12 02 6
12 03 7
12 04 8
12 05 6
12 06 8
12 07 10
12 08 11
13 01 6
13 02 8
13 03 8
13 04 8
13 05 9
13 06 11
13 07 9
13 08 10
14 01 7
14 02 8
14 03 6
14 04 8
14 05 10
14 06 9
14 07 10
14 08 10
15 01 8
15 02 8
15 03 6
15 04 7
15 05 7
15 06 12
15 07 9
15 08 12
16 01 9
16 02 9
16 03 11
16 04 5
16 05 9
16 06 7
16 07 9
16 08 9
17 01 7
17 02 9
17 03 9
17 04 11
17 05 11
17 06 10
17 07 12
17 08 12
18 01 7
18 02 9
18 03 12
18 04 10
18 05 10
18 06 11
18 07 9
18 08 11
19 01 9
19 02 8
19 03 14
19 04 9
19 05 10
19 06 10
19 07 14
19 08 13
20 01 8
20 02 9
20 03 10
20 04 11
20 05 14
20 06 13
20 07 10
20 08 15
21 01 9
21 02 12
21 03 10
21 04 10
21 05 12
21 06 14
21 07 12
21 08 11
22 01 10
22 02 13
22 03 12
22 04 12
22 05 11
22 06 14
22 07 10
22 08 13
23 01 10
23 02 11
23 03 11
23 04 14
23 05 14
23 06 15
23 07 14
23 08 14
24 01 11
24 02 12
24 03 12
24 04 13
24 05 14
24 06 14
24 07 13
24 08 13
25 01 9
25 02 13
25 03 14
25 04 17
25 05 15
25 06 16
25 07 13
25 08 18
26 01 11
26 02 13
26 03 13
26 04 15
26 05 13
26 06 14
26 07 16
26 08 16
27 01 14
27 02 14
27 03 16
27 04 16
27 05 15
27 06 19
27 07 17
27 08 18
28 01 12
28 02 15
28 03 16
28 04 14
28 05 17
28 06 17
28 07 16
28 08 20
29 01 14
29 02 12
29 03 18
29 04 17
29 05 19
29 06 20
29 07 19
29 08 13
30 01 13
30 02 14
30 03 15
30 04 15
30 05 16
30 06 16
30 07 19
30 08 20
31 01 15
31 02 16
31 03 16
31 04 19
31 05 15
31 06 19
31 07 18
31 08 19
32 01 14
32 02 18
32 03 17
32 04 19
32 05 24
32 06 19
32 07 20
32 08 20
33 01 15
33 02 18
33 03 21
33 04 21
33 05 18
33 06 20
33 07 26
33 08 21
34 01 17
34 02 20
34 03 18
34 04 20
34 05 19
34 06 23
34 07 25
34 08 22
35 01 13
35 02 22
35 03 18
35 04 19
35 05 20
35 06 20
35 07 20
35 08 22
36 01 14
36 02 18
36 03 20
36 04 19
36 05 23
36 06 21
36 07 21
36 08 25
37 01 18
37 02 18
37 03 21
37 04 22
37 05 22
37 06 23
37 07 22
37 08 23
38 01 17
38 02 20
38 03 25
38 04 20
38 05 22
38 06 23
38 07 26
38 08 21
39 01 21
39 02 17
39 03 20
39 04 26
