01 01 1
02 01 2
02 02 1
03 01 3
03 02 3
03 03 1
04 01 2
04 02 3
04 03 4
04 04 1
05 01 5
05 02 5
05 03 10
05 04 1
05 05 1
06 01 2
06 02 15
06 03 6
06 04 5
06 05 6
06 06 1
07 01 4
07 02 2
07 03 10
07 04 4
07 05 6
07 06 1
07 07 1
08 01 10
08 02 18
08 03 56
08 04 14
08 05 20
08 06 7
08 07 1
08 08 1
09 01 8
09 02 17
09 03 5
09 04 6
09 05 50
09 06 1
09 07 1
09 08 1
10 01 1
10 02 3
10 03 74
10 04 19
10 05 1
10 06 27
10 07 8
10 08 1
11 01 4
11 02 50
11 03 34
11 04 35
11 05 31
11 06 182
11 07 35
11 08 1
12 01 12
12 02 9
12 03 3
12 04 1
12 05 336
12 06 210
12 07 36
12 08 8
13 01 24
13 02 6
13 03 50
13 04 117
13 05 21
13 06 18
13 07 293
13 08 140
14 01 2
14 02 4
14 03 64
14 04 45
14 05 10
14 06 378
14 07 203
14 08 495
15 01 1
15 02 20
15 03 44
15 04 45
15 05 1286
15 06 35
15 07 917
15 08 154
16 01 16
16 02 6
16 03 20
16 04 1360
16 05 396
16 06 4921
16 07 2472
16 08 5940
17 01 32
17 02 48
17 03 72
17 04 20
17 05 163
17 06 610
17 07 696
17 08 626
18 01 11
18 02 21
18 03 18
18 04 53
18 05 93
18 06 36
18 07 7336
18 08 2682
19 01 96
19 02 194
19 03 9
19 04 1408
19 05 100
19 06 4746
19 07 21
19 08 326
20 01 96
20 02 90
20 03 13
20 04 128
20 05 1412
20 06 815
20 07 16015
20 08 81
21 01 72
21 02 42
21 03 137
21 04 22
21 05 69
21 06 43
21 07 6931
21 08 43605
22 01 16
22 02 15
22 03 117
22 04 643
22 05 596
22 06 5880
22 07 5915
22 08 7660
23 01 120
23 02 16
23 03 115
23 04 998
23 05 156
23 06 19
23 07 200
23 08 2165
24 01 48
24 02 120
24 03 414
24 04 126
24 05 1960
24 06 11413
24 07 6174
24 08 26369
25 01 36
25 02 54
25 03 663
25 04 129
25 05 15
25 06 128
25 07 1694
25 08 259
26 01 144
26 02 1404
26 03 2202
26 04 1652
26 05 3521
26 06 37510
26 07 2025
26 08 404
27 01 6
27 02 27
27 03 32
27 04 376
27 05 4921
27 06 1261
27 07 10
27 08 4328
28 01 36
28 02 36
28 03 136
28 04 4740
28 05 540
28 06 5182
28 07 1860
28 08 125
29 01 270
29 02 784
29 03 348
29 04 601
29 05 500
29 06 5117
29 07 27
29 08 265344
30 01 96
30 02 30
30 03 16
30 04 3100
30 05 2302
30 06 2988
30 07 325
30 08 1340
31 01 96
31 02 84
31 03 27510
31 04 14915
31 05 297
31 06 465
31 07 108473
31 08 154565
32 01 432
32 02 60
32 03 31410
32 04 83
32 05 14
32 06 471
32 07 31768
32 08 20316
33 01 1728
33 02 78
33 03 1814
33 04 99
33 05 80255
33 06 4374
33 07 24
33 08 35886
34 01 72
34 02 8
34 03 8480
34 04 860
34 05 31402
34 06 2150
34 07 4
34 08 14966
35 01 5040
35 02 144
35 03 6112
35 04 9120
35 05 113226
35 06 74306
35 07 6699
35 08 9706
36 01 23040
36 02 207
36 03 1242
36 04 805
36 05 156
36 06 6691
36 07 78
36 08 324
37 01 1408
37 02 2750
37 03 900
37 04 37344
37 05 101656
37 06 214
37 07 112
37 08 213
38 01 972
38 02 6120
38 03 56
38 04 13125
38 05 1108
38 06 268499
38 07 14175
38 08 2246580
39 01 64
39 02 1584
39 03 78
39 04 174
39 05 240
39 06 538
39 07 4165
39 08 1212
