NMec = 98512
T = 17
P = 3
Profits not ignored
Solution time = 1.229e-04
Viable job selections = 9237
Best total profit = 27959
Task data
    3  23  4047     0
    3  35  7360     1
    7  17  2256    -1
    8  30  3725    -1
   11  27  3204    -1
   11  28  3443    -1
   13  15   439     2
   13  24  1830    -1
   15  24  1155    -1
   17  56  8862     2
   18  38  3952    -1
   27  37  1695    -1
   29  41  3415    -1
   29  54  2470    -1
   31  41  1552    -1
   35  55  5706     0
   38  44  1545     1
End
