NMec = 98512
T = 17
P = 1
Profits not ignored
Solution time = 7.168e-05
Viable job selections = 5130
Best total profit = 23791
Task data
    4  11  1764     0
   11  29  4730    -1
   15  19   786     0
   26  41  1210    -1
   27  41  2926     0
   31  35   388    -1
   45  56  1058     0
   51  60  1757    -1
   58  70  2931     0
   71  90  3199     0
   84  90   845    -1
  100 167 11127     0
  107 117   956    -1
  121 136  1220    -1
  127 134  1229    -1
  141 150  2279    -1
  143 151  1727    -1
End
