NMec = 98512
T = 17
P = 2
Profits not ignored
Solution time = 1.785e-04
Viable job selections = 19614
Best total profit = 22997
Task data
    0  10   965     0
    3  13   640    -1
    5  10  1314     1
   13  27  1571     0
   17  81 11833     1
   24  35  3179    -1
   29  48  2644     0
   31  39  1293    -1
   46  54   876    -1
   46  55  1271    -1
   47  54   932    -1
   50  62  2327     0
   53  66  1617    -1
   55  57   452    -1
   67  75  1212    -1
   67  79  2343     0
   68  76  1793    -1
End
