NMec = 98512
T = 18
P = 3
Profits not ignored
Solution time = 3.120e-04
Viable job selections = 27014
Best total profit = 21938
Task data
    2  18  3090     0
    3  15  2644     1
    3  24  2194     2
   10  50  5612    -1
   11  18  1122    -1
   13  55  3290    -1
   23  33  1442     0
   25  54  1739    -1
   28  35  1071    -1
   28  52  5662     1
   30  47  4002     2
   33  53  1796    -1
   33  58  2912    -1
   36  39   712     0
   36  47  1167    -1
   41  42   229     0
   46  54  1051     0
   48  57   912     2
End
