NMec = 98512
T = 18
P = 2
Profits not ignored
Solution time = 2.454e-04
Viable job selections = 35056
Best total profit = 22572
Task data
    4  19  3557     0
    5  27  3379     1
    6  19  1444    -1
    7  11   646    -1
   11  21  2662    -1
   12  18  1020    -1
   19  43  2417    -1
   26  32  1802     0
   29  40  3083     1
   29  45  2674    -1
   30  37  1307    -1
   33  43  2168     0
   44  51   684     0
   47  68  2154     1
   55  72  2617     0
   73  79   792    -1
   73  83  1687     0
   78  86  1441     1
End
