NMec = 98512
T = 18
P = 1
Profits not ignored
Solution time = 2.443e-05
Viable job selections = 2449
Best total profit = 25206
Task data
    0  18  4068     0
    3 174 18070    -1
    4   9   638    -1
   38  65  7926     0
   43  63  3192    -1
   54  60   907    -1
   71  82  1557    -1
   80  97  2640     0
   98 118  2701     0
  112 122  1251    -1
  117 126  2600    -1
  120 143  3286    -1
  120 143  4513     0
  130 136   621    -1
  139 148  1818    -1
  140 161  3972    -1
  145 167  3358     0
  162 171  1122    -1
End
