NMec = 98512
T = 18
P = 5
Profits not ignored
Solution time = 9.187e-04
Viable job selections = 87335
Best total profit = 26445
Task data
    1  25  2598     0
    2  19  2800     1
    5  12  2027     2
    5  17  2139    -1
    6  17  1572    -1
    7  33  5688     3
   10  16  1233    -1
   11  22  2568     4
   13  17   328    -1
   13  29  1070    -1
   14  22  2464     2
   14  29  3534    -1
   16  30  1790    -1
   22  34  3207     1
   24  35  1359     2
   26  34  1743     0
   26  34  1991     4
   28  31   675    -1
End
