NMec = 98512
T = 18
P = 4
Profits not ignored
Solution time = 3.870e-04
Viable job selections = 57066
Best total profit = 26155
Task data
    0  26  4268     0
    1   7  1902     1
    1  18  2299    -1
    2  15  1994     2
    5  18  3429     3
    6   8   687    -1
    7  33  3997    -1
   10  17  1165    -1
   12  24  2154    -1
   13  21   645    -1
   15  34  4660     1
   15  41  3196    -1
   17  26  1242    -1
   18  32  3583     2
   20  38  4658     3
   25  34  1409    -1
   28  40   941     0
   38  43   720     1
End
