NMec = 98512
T = 19
P = 7
Profits not ignored
Solution time = 3.051e-03
Viable job selections = 289952
Best total profit = 26092
Task data
    0   9  2390     0
    1  11  1614     1
    3  18  1330     2
    4  24  4351     3
    5  23  2486     4
    6  26  1953    -1
    7   8   211     5
    7  19  3398     6
    7  27  1742    -1
    8  28  2242    -1
    9  18   710     5
    9  24  1619    -1
   10  15   588    -1
   10  28  4080     0
   10  29  1431    -1
   11  12   204    -1
   15  28  2050     1
   19  26  1896     2
   19  29  1576     5
End
