NMec = 98512
T = 19
P = 4
Profits not ignored
Solution time = 1.104e-03
Viable job selections = 125404
Best total profit = 26345
Task data
    0   6  1121     0
    0  19  4257     1
    4  10   764     2
    8  17  2262     0
    8  20  1662    -1
   12  26  1607    -1
   13  28  1687    -1
   13  29  1996    -1
   16  17   376    -1
   16  41  5139     2
   17  44  6212     3
   18  37  3746     0
   21  33  1890     1
   23  36  2404    -1
   24  36  1732    -1
   24  41  2511    -1
   32  37   878    -1
   36  42   665     1
   39  40   289     0
End
