NMec = 98512
T = 19
P = 3
Profits not ignored
Solution time = 1.841e-04
Viable job selections = 14596
Best total profit = 29007
Task data
    1  17  2009    -1
    3  19  2036     0
    3  63 10362     1
    6  61  9750     2
   13  26   976    -1
   13  39  3877    -1
   15  27  2076    -1
   15  30  2204    -1
   20  21   346     0
   23  53  6513     0
   25  59  4517    -1
   29  42  1913    -1
   30  43  1430    -1
   32  61  3107    -1
   36  49  2595    -1
   37  44  1770    -1
   37  47  2325    -1
   39  46  1489    -1
   41  61  4339    -1
End
