NMec = 98512
T = 19
P = 6
Profits not ignored
Solution time = 2.196e-03
Viable job selections = 198562
Best total profit = 21872
Task data
    0   2   365     0
    1   6   680     1
    1  26  2961     2
    2  28  3185     3
    4  11   661    -1
    4  18  1372    -1
    4  20  4600     0
    4  22  2226    -1
    4  24  2847    -1
    5  11  1132     4
    5  13   912     5
    6  17  1811    -1
    6  28  2876    -1
    8  24  1226    -1
   14  27  2694     1
   14  31  2881     4
   15  28  2462     5
   16  27   912    -1
   20  26   650    -1
End
