NMec = 98512
T = 19
P = 8
Profits not ignored
Solution time = 2.295e-03
Viable job selections = 287884
Best total profit = 20474
Task data
    1  15  1764     0
    2  16  1296    -1
    2  19  1370    -1
    3   6   676     1
    3  21  2784     2
    4  16  2868     3
    5  26  3562     4
    6  14   871     5
    7  15   527    -1
    7  26  1527     1
    9  15   891    -1
    9  21  1247    -1
    9  28  2486     6
   11  22  1317    -1
   12  20  1303    -1
   13  16   539    -1
   13  18  1508     7
   15  28  1472     5
   23  29   956     0
End
