NMec = 98512
T = 19
P = 5
Profits not ignored
Solution time = 1.070e-03
Viable job selections = 82204
Best total profit = 22821
Task data
    0  26  2354    -1
    1   6   423     0
    1  23  3438     1
    3  29  1865    -1
    6  11  1184     2
    7  17  1590     0
   11  24  3556     3
   12  25  1730    -1
   12  33  2575     2
   13  35  1521    -1
   14  24  1437    -1
   15  21   676    -1
   17  26   760    -1
   18  34  4113     0
   19  31  1686    -1
   21  31  1674    -1
   21  36  4330     4
   23  37  1556    -1
   25  31  1612     1
End
