NMec = 98512
T = 19
P = 2
Profits not ignored
Solution time = 1.039e-04
Viable job selections = 12157
Best total profit = 25112
Task data
    0  26  2487    -1
    5   7   735     0
    7  21  3135     1
    8  30  4720     0
    9  94 10253    -1
   13  23   919    -1
   17  94  9212    -1
   20  33  2103    -1
   21  32  1914    -1
   24  48  3876     1
   32  52  2886    -1
   32  56  3574    -1
   36  60  6587     0
   43  59  1165    -1
   45  55  2789    -1
   58  67  1156     1
   71  92  2699     0
   74  92  2204     1
   79  90  1202    -1
End
