NMec = 98512
T = 19
P = 1
Profits not ignored
Solution time = 3.877e-05
Viable job selections = 6121
Best total profit = 19033
Task data
    0 187 19033     0
   13  33  2242    -1
   22  27  1429    -1
   44  47   860    -1
   53  60  1961    -1
   53  77  4412    -1
   56  65  2076    -1
   73  76   277    -1
   74  85  1823    -1
   85  96  2263    -1
  100 109  1055    -1
  103 112  1365    -1
  105 116  1445    -1
  107 110   517    -1
  129 147  3252    -1
  130 152  2271    -1
  137 162  4853    -1
  151 164  1811    -1
  185 187   460    -1
End
