NMec = 98512
T = 20
P = 8
Profits not ignored
Solution time = 6.915e-03
Viable job selections = 637322
Best total profit = 29756
Task data
    0  24  2693     0
    1  11  1022     1
    1  21  3477     2
    2   5   590     3
    3  12  2112     4
    3  15  1793     5
    5  18  1058    -1
    6  12   748    -1
    7  16  1158    -1
    7  19  2831     3
    7  23  1203    -1
    8  13   836    -1
   10  19   735    -1
   10  26  3656     6
   10  26  4078     7
   10  28  2216    -1
   12  26  1276    -1
   13  29  3115     1
   14  29  3799     4
   17  24   590     5
End
