NMec = 98512
T = 20
P = 6
Profits not ignored
Solution time = 3.682e-03
Viable job selections = 489818
Best total profit = 27287
Task data
    1  15  3180     0
    1  15  3685     1
    1  28  4116     2
    3  10  1441     3
    3  21  2514     4
    3  24  4233     5
    4  17  1731    -1
    5  23  1245    -1
    6  17  1715    -1
    7  28  1992    -1
   11  15   546    -1
   13  28  1837    -1
   15  21   860    -1
   15  24  2272     3
   19  25   512     0
   19  26  1592     1
   22  32  1310     4
   24  26   266    -1
   25  32  1848     3
   27  31   584     0
End
