NMec = 98512
T = 20
P = 4
Profits not ignored
Solution time = 1.413e-03
Viable job selections = 102671
Best total profit = 28223
Task data
    0  39  2395    -1
    1  13  2588     0
    4  38  7692     1
    6  18  1677     2
    9  18  1349    -1
    9  23  2012     3
   16  30  1490    -1
   17  28  1785    -1
   18  40  4214     0
   19  27  2264     2
   19  32  1083    -1
   20  46  3304    -1
   23  42  1505    -1
   24  31  1080    -1
   24  34  1306     3
   29  38  1921    -1
   29  42  1442    -1
   30  43  3329     2
   31  35   760    -1
   37  48  3141     3
End
