NMec = 98512
T = 20
P = 1
Profits not ignored
Solution time = 4.934e-05
Viable job selections = 4654
Best total profit = 20997
Task data
   21  36  2957     0
   23  31  2556    -1
   26  34  1033    -1
   29 190 16271    -1
   55  71  2839     0
   63  75  2576    -1
   75  87  2632     0
   82 194 14637    -1
  119 128  1793     0
  131 152  4111     0
  134 149  2121    -1
  137 147  2419    -1
  142 154  2348    -1
  149 165  2249    -1
  159 169   562     0
  165 171  1308    -1
  171 184  3622     0
  185 195  2481     0
  190 197   636    -1
  191 199  1600    -1
End
