NMec = 98512
T = 20
P = 5
Profits not ignored
Solution time = 2.431e-03
Viable job selections = 218461
Best total profit = 32041
Task data
    2  15  2094    -1
    2  21  3717     0
    2  33  7251     1
    7  14   601    -1
    7  36  6399     2
    8  29  4685     3
    9  20  3064    -1
    9  23  3503     4
   11  16   655    -1
   11  24  1242    -1
   12  24  3189    -1
   12  31  3307    -1
   20  31  1749    -1
   20  39  3256    -1
   23  36  2091    -1
   24  33  2544     0
   24  38  3208     4
   25  31   906    -1
   27  29   521    -1
   30  34   734     3
End
