NMec = 98512
T = 20
P = 3
Profits not ignored
Solution time = 4.997e-04
Viable job selections = 58320
Best total profit = 34869
Task data
    1  66 11087     0
    2  55 13127     1
    3  12  1593    -1
    3  19  4203    -1
    4  15   908    -1
    6  22  2561    -1
    6  57 10129     2
   12  22  1390    -1
   16  19   390    -1
   16  27   949    -1
   16  28  1363    -1
   17  20   641    -1
   18  38  1302    -1
   22  42  1434    -1
   28  31   430    -1
   33  43  2057    -1
   35  44   791    -1
   37  46  2710    -1
   43  50  1118    -1
   58  62   526     1
End
