NMec = 98512
T = 20
P = 2
Profits not ignored
Solution time = 1.563e-04
Viable job selections = 17117
Best total profit = 22466
Task data
    1  24  2194     0
    2  77 10817     1
    6  93  6284    -1
    9  10   364    -1
   13  34  1507    -1
   16  34  1735    -1
   17  27  1695    -1
   19  41  3180    -1
   22  29  1394    -1
   26  90  7510    -1
   30  50  2217    -1
   31  49  2063     0
   33  52  2125    -1
   50  62  2294     0
   55  57   310    -1
   57  68  1973    -1
   63  78  1976    -1
   69  84  2114    -1
   74  97  5098     0
   77  81  1298    -1
End
