NMec = 98512
T = 20
P = 1
Profits ignored
Solution time = 5.941e-05
Maximum possible tasks = 8
Solutions = 45
Task data
   21  36     1    -1
   23  31     1    -1
   26  34     1     0
   29 190     1    -1
   55  71     1     0
   63  75     1    -1
   75  87     1     0
   82 194     1    -1
  119 128     1     0
  131 152     1    -1
  134 149     1    -1
  137 147     1    -1
  142 154     1     0
  149 165     1    -1
  159 169     1     0
  165 171     1    -1
  171 184     1     0
  185 195     1    -1
  190 197     1    -1
  191 199     1     0
End
