NMec = 98512
T = 20
P = 7
Profits not ignored
Solution time = 6.428e-03
Viable job selections = 601396
Best total profit = 25908
Task data
    0   5   583     0
    0  22  2682    -1
    2  10   887     1
    2  15  2054     2
    2  23  4349     3
    3  14  1415     4
    4  17  1721    -1
    6  19  2712     0
    7  15  2333     5
    7  26  1914    -1
    9  17   998    -1
    9  21  3469     6
   10  23  1486    -1
   12  26  3207     1
   14  27  1284    -1
   15  21  1455     4
   16  27   954    -1
   18  23  1134     2
   19  25  1436     5
   21  28   874     0
End
