NMec = 98512
T = 21
P = 3
Profits not ignored
Solution time = 3.237e-03
Viable job selections = 504704
Best total profit = 26637
Task data
   11  33  4760     0
   13  23  1241    -1
   16  25  1381     1
   16  33  2482     2
   16  36  2359    -1
   25  38  2078    -1
   27  37  1758     1
   33  38  1061    -1
   33  45  1801    -1
   35  52  2293     0
   38  48  2170     1
   38  49  2457     2
   46  52   894    -1
   50  57   891    -1
   51  69  3988     1
   52  69  2951     2
   55  59   498    -1
   57  62  1113     0
   60  63   552    -1
   63  68  1117    -1
   64  69  1284     0
End
