NMec = 98512
T = 21
P = 8
Profits not ignored
Solution time = 1.100e-02
Viable job selections = 936574
Best total profit = 30935
Task data
    0   3   826     0
    0  11  2231     1
    0  14  3349     2
    0  21  5496     3
    1  13  1667    -1
    2  13  2118     4
    3  17  2257    -1
    3  26  2776     5
    5  17  1096    -1
    5  22  2487     0
    7  22  1784    -1
    8  28  2896     6
    9  17  1226    -1
   10  21  2017    -1
   10  22  2465     7
   10  23  2087    -1
   12  22  1169    -1
   13  24  2896     1
   13  27  1852    -1
   15  29  2312     2
   17  26  1083     4
End
