NMec = 98512
T = 21
P = 1
Profits ignored
Solution time = 6.412e-05
Maximum possible tasks = 7
Solutions = 192
Task data
    0 208     1    -1
    3  16     1    -1
   12  16     1     0
   56  72     1    -1
   63  70     1     0
   67 166     1    -1
   86 136     1    -1
   87  92     1     0
  109 123     1    -1
  119 126     1     0
  131 154     1    -1
  136 161     1    -1
  145 169     1    -1
  147 162     1    -1
  151 155     1    -1
  151 168     1     0
  171 181     1     0
  187 196     1    -1
  189 202     1    -1
  190 197     1    -1
  194 202     1     0
End
