NMec = 98512
T = 21
P = 7
Profits not ignored
Solution time = 1.032e-02
Viable job selections = 1123430
Best total profit = 27030
Task data
    1  21  4156     0
    2  11  1172     1
    2  16  1623     2
    4  12   955    -1
    5   8   861     3
    5  15  1541     4
    6  24  3330     5
    6  26  3026     6
    7  15   812    -1
    8  22  1534    -1
    9  24  4136     3
   10  17  1456    -1
   10  27  2159    -1
   13  27  1845    -1
   14  22   869    -1
   15  23  1935     1
   17  27  2109     2
   18  28  1347    -1
   18  28  1055    -1
   18  29  2402     4
   22  24   739     0
End
