NMec = 98512
T = 21
P = 4
Profits not ignored
Solution time = 2.183e-03
Viable job selections = 199096
Best total profit = 28208
Task data
    1  20  3067     0
    1  24  4289     1
    2  34  3034    -1
    4  11  1395     2
    8  20  1717    -1
   10  49  5918     3
   12  33  3475    -1
   13  47  4030    -1
   14  36  1902    -1
   15  48  5739     2
   19  40  3119    -1
   22  29   620     0
   26  48  2704    -1
   28  32   490    -1
   31  51  4157     0
   32  38   808     1
   33  42  1478    -1
   36  43  2156    -1
   36  47  1946    -1
   40  51  2215     1
   41  51  2064    -1
End
