NMec = 98512
T = 21
P = 1
Profits not ignored
Solution time = 1.585e-04
Viable job selections = 4261
Best total profit = 29566
Task data
    0 208 11929    -1
    3  16  1405     0
   12  16   793    -1
   56  72  2268    -1
   63  70   686    -1
   67 166 24973     0
   86 136  9634    -1
   87  92  1609    -1
  109 123  1586    -1
  119 126   858    -1
  131 154  4053    -1
  136 161  4221    -1
  145 169  4021    -1
  147 162  2243    -1
  151 155   566    -1
  151 168  3409    -1
  171 181   948     0
  187 196  1491    -1
  189 202  2240     0
  190 197  1138    -1
  194 202   735    -1
End
