NMec = 98512
T = 21
P = 5
Profits not ignored
Solution time = 6.404e-03
Viable job selections = 681984
Best total profit = 31204
Task data
    1  31  8753     0
    3  10   709     1
    6   7   418     2
    6  11  1170     3
    6  12  1589     4
   10  23  1375    -1
   11  23  1713     1
   13  14   228     2
   13  25  1792    -1
   13  28  2756    -1
   13  34  4920     3
   15  26  1451    -1
   15  34  4057     2
   16  32  2610    -1
   17  18   172    -1
   18  28  3101     4
   20  40  2087    -1
   22  30  1985    -1
   25  40  2448     1
   29  35  1009     4
   34  40  1089     0
End
