NMec = 98512
T = 21
P = 2
Profits not ignored
Solution time = 3.299e-04
Viable job selections = 38708
Best total profit = 38776
Task data
    1  92 26340     0
    5  14  1158    -1
    6   8   691     1
    9  23  2600    -1
   12  90  9144    -1
   13  49  6317     1
   14  29  1298    -1
   30  33   227    -1
   35  47  1679    -1
   38  44  1371    -1
   43  52  1306    -1
   45 102  7108    -1
   47  98  4754    -1
   48  58  1973    -1
   49  58  1494    -1
   50  63  2999     1
   54  70  3675    -1
   57  62   987    -1
   66  82  2429     1
   70  77  1094    -1
   80  83   923    -1
End
