NMec = 98512
T = 21
P = 6
Profits not ignored
Solution time = 3.912e-03
Viable job selections = 333480
Best total profit = 25248
Task data
    2  29  4493     0
    3   8   384     1
    7  14   740     2
    8  33  7330     3
    9  25  1655    -1
   10  26  1365    -1
   10  30  3778     1
   11  26  1752    -1
   12  23   991    -1
   13  19  1163     4
   13  24  1439    -1
   15  21   829    -1
   15  31  1836    -1
   18  27  1387    -1
   18  28  2104     2
   19  34  1863     5
   20  27  1676    -1
   20  30  2135     4
   21  23   401    -1
   21  28  1309    -1
   29  34  1258     2
End
