NMec = 98512
T = 22
P = 8
Profits not ignored
Solution time = 1.514e-02
Viable job selections = 1344121
Best total profit = 29840
Task data
    0   9  1269     0
    0  21  3265     1
    0  24  3043     2
    1  19  1708    -1
    2  18  3219     3
    2  20  2234    -1
    3  20  3572     4
    4  15  1731    -1
    5  24  3444     5
    5  27  3617     6
    6  11  1161     7
    8  23  2516    -1
   10  15   771    -1
   10  21  2512    -1
   10  29  3787     0
   11  23  1212    -1
   11  24  1721    -1
   11  27  1513    -1
   14  25  3463     7
   15  21  1179    -1
   17  19   766    -1
   18  19   349    -1
End
