NMec = 98512
T = 22
P = 2
Profits ignored
Solution time = 1.455e-03
Maximum possible tasks = 12
Solutions = 216
Task data
   13  23     1    -1
   17  25     1    -1
   17  27     1    -1
   18  22     1    -1
   19  24     1     0
   20  46     1     1
   25  40     1     0
   35  56     1    -1
   42  91     1    -1
   43  49     1     0
   50 102     1    -1
   52  71     1    -1
   55  59     1     0
   56  65     1     1
   68  82     1    -1
   69  73     1     0
   75  89     1    -1
   76  82     1     0
   80  90     1     1
   85 101     1     0
   93  97     1     1
  100 106     1     1
End
