NMec = 98512
T = 22
P = 4
Profits not ignored
Solution time = 1.166e-02
Viable job selections = 1442120
Best total profit = 30626
Task data
    0   9  1303     0
    5   8   687     1
    5  23  3329     2
    6  11  1186     3
    6  15  1973    -1
   11  32  3424     0
   11  53  7077     1
   12  19   660    -1
   12  31  3967     3
   13  24  1191    -1
   14  15   344    -1
   15  17   313    -1
   18  22   847    -1
   21  28   802    -1
   22  34  1087    -1
   25  29   460    -1
   28  36   949     2
   29  39  1213    -1
   32  52  1633     3
   35  54  3365     0
   39  54  3706     2
   51  54   425    -1
End
