NMec = 98512
T = 22
P = 1
Profits ignored
Solution time = 3.195e-05
Maximum possible tasks = 7
Solutions = 48
Task data
    5 115     1    -1
   13  36     1    -1
   14  21     1    -1
   21  28     1     0
   21 132     1    -1
   22 174     1    -1
   24  33     1    -1
   25  40     1    -1
   29  33     1     0
   29  40     1    -1
   30  42     1    -1
   36  42     1    -1
   36  46     1     0
   66  85     1     0
   94 109     1    -1
  101 113     1     0
  105 183     1    -1
  129 138     1    -1
  129 162     1     0
  158 173     1    -1
  162 188     1    -1
  168 183     1     0
End
