NMec = 98512
T = 22
P = 5
Profits not ignored
Solution time = 1.075e-02
Viable job selections = 974918
Best total profit = 28394
Task data
    2   9  1480     0
    2  39  4726     1
    5  14  1716     2
    7  22  2408    -1
    8  16  1594     3
    9  13   336    -1
   10  30  4889     0
   11  24  3213     4
   16  39  3376     2
   17  21   541     3
   20  34  1532    -1
   21  32  1713    -1
   21  34  1911    -1
   21  34  2265    -1
   22  36  2712     3
   24  33  2304    -1
   26  28   281     4
   28  37  1975    -1
   29  43  1915     4
   30  40  1375    -1
   31  39  1951     0
   33  43  1030    -1
End
