NMec = 98512
T = 22
P = 6
Profits not ignored
Solution time = 7.430e-03
Viable job selections = 602263
Best total profit = 23195
Task data
    0  12  1637     0
    1  18  2062     1
    2  11  1063     2
    2  28  3260     3
    5  24  1791    -1
    6  10   975     4
    7  25  2525    -1
    7  33  3060     5
   10  27  2163    -1
   14  23  1893     0
   14  30  2257     2
   15  35  2841     4
   16  26  1591    -1
   16  30  1436    -1
   17  24  1699    -1
   19  32  2511     1
   20  25   760    -1
   20  25  1327    -1
   20  33  2191    -1
   22  35  1210    -1
   24  31   461    -1
   24  32  1636     0
End
