NMec = 98512
T = 22
P = 1
Profits not ignored
Solution time = 2.355e-05
Viable job selections = 2062
Best total profit = 26346
Task data
    5 115  8092    -1
   13  36  5086     0
   14  21  1534    -1
   21  28   865    -1
   21 132 14673    -1
   22 174 17168    -1
   24  33  2409    -1
   25  40  1507    -1
   29  33   514    -1
   29  40  2585    -1
   30  42  1544    -1
   36  42   747    -1
   36  46   810    -1
   66  85  3163     0
   94 109  2765    -1
  101 113  1336    -1
  105 183 18097     0
  129 138  1687    -1
  129 162  4861    -1
  158 173  1746    -1
  162 188  2487    -1
  168 183  3298    -1
End
