NMec = 98512
T = 22
P = 7
Profits not ignored
Solution time = 1.953e-02
Viable job selections = 2500828
Best total profit = 26494
Task data
    0   5   483     0
    0   6  1891     1
    2  14  1845     2
    2  25  2649    -1
    3  16  1793     3
    5  10  1687     4
    5  13   788     5
    5  16  1802     6
    5  23  2550    -1
    6  29  3129     0
    8  24  1762    -1
    9  17  1075    -1
   10  25  2612     1
   12  24  2110     4
   12  26  1206    -1
   14  29  3543     5
   15  27  1323     2
   17  25  1513     3
   20  31  1613     6
   21  27  1119    -1
   23  28   623    -1
   28  29   362     1
End
