NMec = 98512
T = 22
P = 2
Profits not ignored
Solution time = 9.823e-04
Viable job selections = 162278
Best total profit = 29027
Task data
   13  23  1184    -1
   17  25  1108    -1
   17  27  1321    -1
   18  22   922    -1
   19  24  1381     0
   20  46  5736     1
   25  40  1145     0
   35  56  4191    -1
   42  91  4883    -1
   43  49  1434     0
   50 102 10984     0
   52  71  2841     1
   55  59   510    -1
   56  65  1801    -1
   68  82  1949    -1
   69  73   578    -1
   75  89  3389    -1
   76  82  1211     1
   80  90  1356    -1
   85 101  4295     1
   93  97   399    -1
  100 106   740    -1
End
