NMec = 98512
T = 22
P = 3
Profits not ignored
Solution time = 3.026e-03
Viable job selections = 374842
Best total profit = 25378
Task data
    1  16  2565     0
    2  73  7000     1
    9  17  1303    -1
   10  28  3138     2
   13  28  2045    -1
   15  25  1277    -1
   19  41  2175    -1
   20  27   940     0
   21  39  2198    -1
   30  39  1330     0
   31  38  1460     2
   31  51  3794    -1
   35  40  1244    -1
   39  46   425    -1
   39  52  1388    -1
   40  43   878    -1
   40  53  3352     0
   41  46   606    -1
   41  58  2989     2
   49  59  1869    -1
   56  62  1508     0
   61  67  1096     2
End
