NMec = 98512
T = 23
P = 5
Profits not ignored
Solution time = 3.708e-03
Viable job selections = 363105
Best total profit = 38815
Task data
    0  22  2853     0
    1  39  3323    -1
    1  44  7605     1
    2  45 11747     2
    3  18  3295     3
    3  21  1478    -1
    4  17  2905     4
    4  24  1803    -1
    8  13   992    -1
    9  24  2320    -1
   12  21  2484    -1
   12  27  1969    -1
   17  23   898    -1
   17  39  3238    -1
   17  40  2778    -1
   17  41  2941    -1
   17  42  2739    -1
   20  29  1292    -1
   21  29  1384    -1
   22  37  3253     3
   24  45  4255     0
   25  43  1166    -1
   27  41  2902     4
End
