NMec = 98512
T = 23
P = 3
Profits not ignored
Solution time = 2.930e-03
Viable job selections = 363285
Best total profit = 46269
Task data
    0  58 11321     0
    3  28  6299     1
    5  76 15859     2
    7  18  1505    -1
    9  23  1822    -1
   10  20  1458    -1
   10  20  1862    -1
   13  31  1101    -1
   16  19   589    -1
   17  21   475    -1
   17  34  3913    -1
   17  36  5270    -1
   33  40   942    -1
   33  41  2101     1
   37  53  3689    -1
   43  46   944     1
   43  62  2057    -1
   47  66  5521     1
   49  59  2463    -1
   57  68  2072    -1
   60  73  1257    -1
   62  73  2693     0
   69  74  1531     1
End
