NMec = 98512
T = 23
P = 6
Profits not ignored
Solution time = 2.240e-02
Viable job selections = 2838608
Best total profit = 32181
Task data
    1  20  1817    -1
    1  21  2933     0
    1  25  6036     1
    2  11  1706     2
    3  38  4204     3
    4  11   671     4
    5  21  1746    -1
    9  24  4410     5
   11  15   576    -1
   12  16   605    -1
   12  28  1570    -1
   15  32  4294     2
   15  35  4879     4
   16  23  1138    -1
   17  25  1246    -1
   17  33  1858    -1
   19  27  1327    -1
   19  37  2925    -1
   22  28   864     0
   25  33   844     5
   26  34   898     1
   28  29   298    -1
   32  33   442     0
End
