NMec = 98512
T = 23
P = 7
Profits not ignored
Solution time = 1.775e-02
Viable job selections = 1982569
Best total profit = 29226
Task data
    0  28  6592     0
    2  18  1380    -1
    3  28  3186     1
    4  22  1863    -1
    4  23  3278     2
    5  15   945     3
    6  17  2915     4
    6  22  1270    -1
    6  27  1636    -1
    7  19  1105    -1
    8  12   558    -1
    8  27  1480    -1
   10  18  1488     5
   11  22  1839    -1
   11  31  3467     6
   13  21  1776    -1
   14  22  1548    -1
   16  17   482    -1
   16  31  1619     3
   18  30  2639     4
   19  23   532    -1
   20  30  2589     5
   24  29   508     2
End
