NMec = 98512
T = 23
P = 8
Profits not ignored
Solution time = 2.422e-02
Viable job selections = 2768759
Best total profit = 28779
Task data
    0  11  1875     0
    1  11  2625     1
    1  18  3612     2
    2  28  3193     3
    4  12  1231    -1
    5  26  4668     4
    6  10   933    -1
    6  15  2196     5
    6  15  1376    -1
    6  19  1080    -1
    8  17  1693    -1
    9  18  1660    -1
    9  23  3333     6
   10  20  1276    -1
   10  23  1721    -1
   10  26  1389    -1
   10  27  2248    -1
   10  28  2670     7
   14  17   480     0
   15  19  1254    -1
   15  26  1543     1
   17  26   785     5
   18  29  1799     0
End
