NMec = 98512
T = 23
P = 2
Profits not ignored
Solution time = 6.732e-04
Viable job selections = 103229
Best total profit = 30406
Task data
    3 114 11866    -1
    4  22  3959     0
    5  16  2028     1
   10  24  2224    -1
   16  23  2001    -1
   18  38  2941     1
   19  94  7942    -1
   21  36  1053    -1
   24  32  2084    -1
   32 106 12265     0
   38 113  5124    -1
   45  66  2592     1
   54  55   372    -1
   55  61   533    -1
   57  66   608    -1
   66  80  2981    -1
   70  76  1925     1
   74  82  1319    -1
   77  93  2114    -1
   79  94  3255     1
   88  96  1397    -1
   91 107  2224    -1
   98 107  1441     1
End
