NMec = 98512
T = 23
P = 1
Profits ignored
Solution time = 4.863e-04
Maximum possible tasks = 12
Solutions = 14
Task data
    6  19     1    -1
   12  17     1     0
   13  36     1    -1
   17  39     1    -1
   19  31     1    -1
   20  26     1    -1
   22  37     1    -1
   25  32     1     0
   46  63     1     0
   47 221     1    -1
   62  66     1    -1
   64  68     1     0
  107 110     1     0
  111 124     1     0
  126 128     1     0
  132 147     1     0
  162 176     1     0
  171 219     1    -1
  188 195     1    -1
  190 204     1     0
  204 225     1    -1
  207 211     1     0
  220 224     1     0
End
