NMec = 98512
T = 23
P = 2
Profits ignored
Solution time = 1.069e-03
Maximum possible tasks = 12
Solutions = 64
Task data
    3 114     1    -1
    4  22     1    -1
    5  16     1     0
   10  24     1    -1
   16  23     1     1
   18  38     1    -1
   19  94     1    -1
   21  36     1     0
   24  32     1     1
   32 106     1    -1
   38 113     1    -1
   45  66     1    -1
   54  55     1     0
   55  61     1     1
   57  66     1     0
   66  80     1    -1
   70  76     1     0
   74  82     1     1
   77  93     1    -1
   79  94     1    -1
   88  96     1     0
   91 107     1     1
   98 107     1     0
End
