NMec = 98512
T = 23
P = 1
Profits not ignored
Solution time = 2.800e-04
Viable job selections = 38416
Best total profit = 28071
Task data
    6  19  3436     0
   12  17  1052    -1
   13  36  6060    -1
   17  39  5622    -1
   19  31  2973    -1
   20  26   845    -1
   22  37  3587     0
   25  32   441    -1
   46  63  5217     0
   47 221 12508    -1
   62  66  1039    -1
   64  68   869     0
  107 110   605     0
  111 124  1862     0
  126 128   453     0
  132 147  2017     0
  162 176  1610    -1
  171 219  9332     0
  188 195  2053    -1
  190 204  2065    -1
  204 225  2771    -1
  207 211  1252    -1
  220 224   693     0
End
