NMec = 98512
T = 23
P = 3
Profits ignored
Solution time = 3.302e-03
Maximum possible tasks = 12
Solutions = 784
Task data
    0  58     1    -1
    3  28     1    -1
    5  76     1    -1
    7  18     1    -1
    9  23     1    -1
   10  20     1    -1
   10  20     1    -1
   13  31     1    -1
   16  19     1     0
   17  21     1     1
   17  34     1    -1
   17  36     1     2
   33  40     1     0
   33  41     1     1
   37  53     1     2
   43  46     1     0
   43  62     1    -1
   47  66     1    -1
   49  59     1     0
   57  68     1     1
   60  73     1     0
   62  73     1     2
   69  74     1     1
End
