NMec = 98512
T = 24
P = 8
Profits not ignored
Solution time = 7.751e-02
Viable job selections = 10810564
Best total profit = 28536
Task data
    0   6   971     0
    0  11  1819     1
    0  14  1686     2
    0  23  4267     3
    2   5   618     4
    4  29  2823     5
    5  28  3385     6
    6  26  1158    -1
    7  11   950     0
    8  14   733    -1
    8  17  1343    -1
    8  19  1029    -1
    9  18  1742     4
   10  20  2176     7
   10  23  2311    -1
   11  25  1718    -1
   12  25  1771     0
   12  27  1828     1
   16  28  1374     2
   17  29  1142    -1
   19  28  1466     4
   21  29  1403     7
   23  24   281    -1
   25  26   257     3
End
