NMec = 98512
T = 24
P = 2
Profits not ignored
Solution time = 1.166e-03
Viable job selections = 222617
Best total profit = 33854
Task data
    0 119 19476     0
    3  13   606    -1
    3 116 14378     1
    4  49  6236    -1
    5  17  1802    -1
    9  94 10394    -1
   12  14   607    -1
   18  24   725    -1
   19  21   353    -1
   24  30   981    -1
   31  89  6056    -1
   36  45  1060    -1
   39  59  3233    -1
   40  44   800    -1
   41  48  1932    -1
   42  54  1267    -1
   51  60  1346    -1
   68  85  1652    -1
   69  79  1355    -1
   70  76  1164    -1
   75  88  2149    -1
   93  99   775    -1
  104 107   304    -1
  112 118  1258    -1
End
