NMec = 98512
T = 24
P = 4
Profits ignored
Solution time = 8.950e-03
Maximum possible tasks = 13
Solutions = 86
Task data
    1  47     1    -1
    2  48     1    -1
    3  13     1     0
    5  26     1     1
   17  36     1    -1
   18  36     1    -1
   20  23     1     0
   20  31     1    -1
   20  32     1    -1
   21  24     1     2
   22  28     1     3
   24  31     1    -1
   25  36     1    -1
   26  50     1    -1
   28  37     1     0
   28  42     1     1
   30  41     1     2
   31  46     1     3
   34  53     1    -1
   36  49     1    -1
   42  59     1     0
   43  57     1     1
   47  52     1     2
   48  58     1     3
End
