NMec = 98512
T = 24
P = 3
Profits not ignored
Solution time = 4.795e-03
Viable job selections = 658972
Best total profit = 39986
Task data
    1  79  9624    -1
    2  59 13455     0
    5  14  1435     1
    6  47  4286    -1
   10  20  1476    -1
   10  51  7978     2
   18  25   761    -1
   18  31  1346    -1
   20  33  2815     1
   22  35  1274    -1
   34  57  1565    -1
   35  41  1223    -1
   37  49  2866     1
   39  46  1046    -1
   42  52   769    -1
   46  55  1541    -1
   46  67  3399    -1
   53  71  4301     1
   54  62  1472    -1
   54  71  4518     2
   56  75  2910    -1
   57  79  3919    -1
   66  69   750     0
   70  76  1868     0
End
