NMec = 98512
T = 24
P = 5
Profits ignored
Solution time = 1.291e-02
Maximum possible tasks = 12
Solutions = 1884
Task data
    0  11     1     0
    0  23     1    -1
    3  27     1    -1
    3  46     1    -1
    8  18     1     1
   10  20     1    -1
   10  27     1    -1
   11  31     1    -1
   11  47     1    -1
   12  22     1     0
   14  29     1     2
   15  37     1    -1
   15  38     1    -1
   16  36     1     3
   20  25     1     1
   20  27     1     4
   20  43     1    -1
   21  40     1    -1
   27  37     1    -1
   28  37     1     0
   29  41     1     1
   30  45     1     2
   36  45     1     4
   37  47     1     3
End
