NMec = 98512
T = 24
P = 5
Profits not ignored
Solution time = 1.213e-02
Viable job selections = 1129900
Best total profit = 34073
Task data
    0  11  1586     0
    0  23  5118     1
    3  27  3919    -1
    3  46  3365    -1
    8  18  1956     2
   10  20  2485     3
   10  27  4655    -1
   11  31  4831     4
   11  47  3613    -1
   12  22   731    -1
   14  29  2635    -1
   15  37  3940    -1
   15  38  4601    -1
   16  36  3226     0
   20  25   542    -1
   20  27   798    -1
   20  43  4580     2
   21  40  4217     3
   27  37  1436    -1
   28  37  2106     1
   29  41  1264    -1
   30  45  1326    -1
   36  45  1882     4
   37  47  2086     0
End
