NMec = 98512
T = 24
P = 3
Profits ignored
Solution time = 5.691e-03
Maximum possible tasks = 14
Solutions = 63
Task data
    1  79     1    -1
    2  59     1    -1
    5  14     1     0
    6  47     1    -1
   10  20     1     1
   10  51     1    -1
   18  25     1    -1
   18  31     1     0
   20  33     1     2
   22  35     1     1
   34  57     1    -1
   35  41     1     0
   37  49     1    -1
   39  46     1     1
   42  52     1     0
   46  55     1     2
   46  67     1    -1
   53  71     1    -1
   54  62     1     0
   54  71     1    -1
   56  75     1     1
   57  79     1     2
   66  69     1     0
   70  76     1     0
End
