NMec = 98512
T = 24
P = 7
Profits ignored
Solution time = 1.803e-02
Maximum possible tasks = 11
Solutions = 10975
Task data
    1  28     1    -1
    2  32     1    -1
    3  15     1     0
    3  15     1     1
    3  29     1    -1
    5  23     1    -1
    5  27     1    -1
    8  18     1    -1
    8  30     1    -1
    9  12     1     2
    9  19     1    -1
    9  21     1    -1
    9  22     1    -1
    9  27     1    -1
   10  26     1    -1
   10  27     1    -1
   11  33     1     3
   12  31     1     4
   14  18     1     2
   15  27     1     5
   16  33     1     0
   17  26     1     1
   18  30     1     6
   24  31     1     2
End
