NMec = 98512
T = 24
P = 4
Profits not ignored
Solution time = 7.228e-03
Viable job selections = 851732
Best total profit = 29452
Task data
    1  47  7248     0
    2  48  6942     1
    3  13  2817     2
    5  26  2243     3
   17  36  3713     2
   18  36  2102    -1
   20  23   522    -1
   20  31  1991    -1
   20  32  1114    -1
   21  24   699    -1
   22  28   471    -1
   24  31  1524    -1
   25  36  1445    -1
   26  50  3260    -1
   28  37   845    -1
   28  42  2529     3
   30  41  1063    -1
   31  46  2493    -1
   34  53  2820    -1
   36  49  1241    -1
   42  59  1735     2
   43  57  1304     3
   47  52   842    -1
   48  58   921     0
End
