NMec = 98512
T = 24
P = 2
Profits ignored
Solution time = 1.452e-03
Maximum possible tasks = 13
Solutions = 162
Task data
    0 119     1    -1
    3  13     1    -1
    3 116     1    -1
    4  49     1    -1
    5  17     1     0
    9  94     1    -1
   12  14     1     1
   18  24     1     0
   19  21     1     1
   24  30     1     1
   31  89     1    -1
   36  45     1    -1
   39  59     1    -1
   40  44     1    -1
   41  48     1     0
   42  54     1     1
   51  60     1     0
   68  85     1    -1
   69  79     1    -1
   70  76     1     0
   75  88     1     1
   93  99     1     0
  104 107     1     0
  112 118     1     0
End
