NMec = 98512
T = 24
P = 7
Profits not ignored
Solution time = 1.475e-02
Viable job selections = 1620728
Best total profit = 27907
Task data
    1  28  4895     0
    2  32  2466    -1
    3  15  1515     1
    3  15  1078    -1
    3  29  4314     2
    5  23  2475     3
    5  27  3022    -1
    8  18  1060    -1
    8  30  3436     4
    9  12   977    -1
    9  19  1650    -1
    9  21  1143    -1
    9  22  2084    -1
    9  27  2481    -1
   10  26  3095     5
   10  27  4023     6
   11  33  1996    -1
   12  31  1600    -1
   14  18   563    -1
   15  27  1172    -1
   16  33  2117     1
   17  26  1066    -1
   18  30  1382    -1
   24  31  2037     3
End
