NMec = 98512
T = 24
P = 1
Profits not ignored
Solution time = 4.704e-04
Viable job selections = 42048
Best total profit = 32082
Task data
    2  29  4925     0
    9  19  1287    -1
   42  53   852     0
   43  58  4589    -1
   44  61  3059    -1
   45  63  4087    -1
   52  84  7311    -1
   56 188 20307     0
   63  71  1119    -1
   88  92   523    -1
   96 107  1772    -1
  107 114  1215    -1
  112 118   875    -1
  143 151  1214    -1
  150 167  4142    -1
  156 168  1372    -1
  163 170  1212    -1
  174 197  5040    -1
  185 204  4065    -1
  203 222  2052    -1
  204 222  3876     0
  215 227  1384    -1
  222 228   993    -1
  227 239  2122     0
End
