NMec = 98512
T = 24
P = 1
Profits ignored
Solution time = 3.603e-04
Maximum possible tasks = 11
Solutions = 24
Task data
    2  29     1    -1
    9  19     1     0
   42  53     1    -1
   43  58     1    -1
   44  61     1     0
   45  63     1    -1
   52  84     1    -1
   56 188     1    -1
   63  71     1     0
   88  92     1     0
   96 107     1     0
  107 114     1    -1
  112 118     1     0
  143 151     1     0
  150 167     1    -1
  156 168     1    -1
  163 170     1     0
  174 197     1     0
  185 204     1    -1
  203 222     1    -1
  204 222     1     0
  215 227     1    -1
  222 228     1    -1
  227 239     1     0
End
