NMec = 98512
T = 24
P = 6
Profits not ignored
Solution time = 3.319e-02
Viable job selections = 4594982
Best total profit = 27724
Task data
    0  15  1535     0
    1   9   716    -1
    1  12  1013    -1
    2   9  2291     1
    2  39  3059     2
    3   4   410     3
    3  19  1566    -1
    4  16  1934     4
    4  24  3208     5
    5  19  2914     3
    7  12  1076    -1
    8  25  1530    -1
   10  29  1887    -1
   10  31  2918     1
   11  17   915    -1
   11  19  1787    -1
   11  20  1913    -1
   15  21  1220    -1
   16  32  3251     0
   17  27  1331    -1
   18  39  3053     4
   23  36  2024     3
   28  33   786     5
   32  34   341     1
End
