NMec = 98512
T = 25
P = 4
Profits not ignored
Solution time = 5.612e-03
Viable job selections = 866824
Best total profit = 33524
Task data
    1  20  4346     0
    5  45  6239    -1
    6  16   694     1
    6  37  5779    -1
    7  15  2169     2
   13  33  5154     3
   14  37  1454    -1
   15  39  3853    -1
   16  43  6055     2
   17  29  2562     1
   20  34  1286    -1
   22  45  2239    -1
   23  31  1323    -1
   23  44  2718    -1
   29  41  1375    -1
   29  46  4209     0
   30  48  2373    -1
   30  49  3734     1
   35  41   806    -1
   35  50  2890     3
   35  52  2105    -1
   37  39   449    -1
   40  47   786    -1
   50  56  1046     0
   51  55   665     1
End
