NMec = 98512
T = 25
P = 3
Profits ignored
Solution time = 1.934e-02
Maximum possible tasks = 16
Solutions = 22
Task data
    0  30     1    -1
    0  83     1    -1
    2  83     1    -1
    4  27     1    -1
    7  14     1    -1
    8  12     1     0
    8  15     1     1
    8  26     1     2
   14  26     1     0
   19  36     1    -1
   24  32     1     1
   27  43     1    -1
   28  54     1     0
   31  38     1     2
   34  35     1     1
   39  79     1    -1
   50  61     1     1
   54  71     1     2
   62  66     1     0
   62  69     1     1
   64  80     1    -1
   69  75     1     0
   71  83     1     1
   74  83     1     2
   77  78     1     0
End
