NMec = 98512
T = 25
P = 5
Profits ignored
Solution time = 2.483e-02
Maximum possible tasks = 15
Solutions = 36
Task data
    0  11     1     0
    0  24     1    -1
    0  49     1    -1
    1  37     1    -1
    2  10     1     1
    6  28     1    -1
    7  41     1    -1
    8  20     1     2
    8  22     1     3
   12  28     1    -1
   13  35     1    -1
   15  24     1     0
   16  30     1    -1
   17  33     1    -1
   18  28     1     1
   18  34     1     4
   18  37     1    -1
   22  44     1     2
   26  33     1     0
   26  39     1     3
   30  35     1     1
   35  41     1     0
   35  46     1     4
   39  47     1     1
   40  45     1     3
End
