NMec = 98512
T = 25
P = 2
Profits ignored
Solution time = 5.884e-03
Maximum possible tasks = 14
Solutions = 51
Task data
    0  23     1    -1
    5  31     1    -1
    6  20     1     0
    8  25     1    -1
   10  13     1     1
   15  90     1    -1
   16  26     1     1
   22  34     1     0
   27  51     1    -1
   33  36     1     1
   39  48     1     0
   44  58     1    -1
   51  58     1     0
   51  63     1     1
   60  79     1    -1
   63  71     1     0
   68  77     1    -1
   68  96     1    -1
   69  82     1    -1
   73  79     1     0
   75  79     1     1
   84 107     1    -1
   87  96     1     0
   87 108     1     1
  108 118     1     0
End
