NMec = 98512
T = 25
P = 6
Profits not ignored
Solution time = 5.262e-02
Viable job selections = 6230692
Best total profit = 34952
Task data
    0  18  2484     0
    3  38  3107    -1
    3  41  3938    -1
    5  27  2007    -1
    7  16  1130    -1
    7  17  1507    -1
    7  25  2194    -1
    8  10   353     1
    8  18  2859     2
    9  29  4031     3
   11  21  1559    -1
   11  22  1575    -1
   13  35  6351     1
   15  37  4868     4
   15  41  5783     5
   19  34  2065    -1
   20  25   850     0
   22  39  1944    -1
   23  39  4248     2
   24  30  1256    -1
   25  37  1369    -1
   29  40  1737     0
   29  41   973    -1
   30  38  1388     3
   34  36   724    -1
End
