NMec = 98512
T = 25
P = 5
Profits not ignored
Solution time = 2.099e-02
Viable job selections = 2809056
Best total profit = 31762
Task data
    0  11  1723     0
    0  24  3227    -1
    0  49  6652     1
    1  37  4219    -1
    2  10  1682     2
    6  28  3516    -1
    7  41  5649     3
    8  20  2649     4
    8  22  1630    -1
   12  28  2267    -1
   13  35  3574     0
   15  24  2569     2
   16  30  1590    -1
   17  33  3118    -1
   18  28  2684    -1
   18  34  1819    -1
   18  37  2784    -1
   22  44  2927     4
   26  33  1082     2
   26  39  1208    -1
   30  35   405    -1
   35  41   691    -1
   35  46  1851     2
   39  47  1404     0
   40  45   683    -1
End
