NMec = 98512
T = 25
P = 3
Profits not ignored
Solution time = 1.583e-02
Viable job selections = 2080757
Best total profit = 36663
Task data
    0  30  2576    -1
    0  83  8755    -1
    2  83 12024     0
    4  27  2162    -1
    7  14  1699     1
    8  12   970     2
    8  15   612    -1
    8  26  1221    -1
   14  26  1170     2
   19  36  3441     1
   24  32  1017    -1
   27  43  3892     2
   28  54  3237    -1
   31  38   958    -1
   34  35   375    -1
   39  79  6808     1
   50  61  1592     2
   54  71  3213    -1
   62  66   619    -1
   62  69   650    -1
   64  80  5067     2
   69  75   955    -1
   71  83  1611    -1
   74  83  1465    -1
   77  78   503    -1
End
