NMec = 98512
T = 25
P = 6
Profits ignored
Solution time = 5.649e-02
Maximum possible tasks = 15
Solutions = 573
Task data
    0  18     1    -1
    3  38     1    -1
    3  41     1    -1
    5  27     1    -1
    7  16     1    -1
    7  17     1     0
    7  25     1     1
    8  10     1     2
    8  18     1     3
    9  29     1     4
   11  21     1     2
   11  22     1     5
   13  35     1    -1
   15  37     1    -1
   15  41     1    -1
   19  34     1    -1
   20  25     1     0
   22  39     1    -1
   23  39     1     2
   24  30     1     3
   25  37     1     5
   29  40     1     0
   29  41     1     1
   30  38     1     4
   34  36     1     3
End
