NMec = 98512
T = 25
P = 1
Profits not ignored
Solution time = 1.031e-03
Viable job selections = 127234
Best total profit = 26447
Task data
    0  10  2523     0
    7 187 18330    -1
   13  32  1628    -1
   18  41  2933     0
   49  59  2035     0
   67  83  2995     0
   75  83  1797    -1
   79  89   816    -1
   88 115  2138    -1
   90  99  2142     0
   92 110  4387    -1
  102 105   335    -1
  104 115  2392     0
  126 140  1664    -1
  132 154  3735     0
  158 161   810    -1
  159 168   984     0
  181 184   413     0
  182 187   760    -1
  187 199  2922     0
  193 205  1663    -1
  198 215  2796    -1
  206 228  3373     0
  209 233  2925    -1
  222 229   979    -1
End
