NMec = 98512
T = 25
P = 8
Profits ignored
Solution time = 8.608e-02
Maximum possible tasks = 15
Solutions = 1022
Task data
    0  15     1    -1
    0  20     1     0
    1  23     1    -1
    2  29     1    -1
    4   6     1     1
    4  12     1     2
    5  15     1     3
    7  14     1     1
    7  14     1     4
    7  29     1    -1
   10  15     1     5
   10  24     1    -1
   10  25     1    -1
   10  29     1    -1
   11  28     1    -1
   12  23     1    -1
   13  24     1    -1
   13  27     1     2
   14  26     1     6
   14  30     1     7
   16  28     1     1
   17  28     1     3
   19  28     1     4
   19  30     1     5
   23  28     1     0
End
