NMec = 98512
T = 25
P = 2
Profits not ignored
Solution time = 4.987e-03
Viable job selections = 782584
Best total profit = 32975
Task data
    0  23  6029     0
    5  31  5192    -1
    6  20  1600    -1
    8  25  4348    -1
   10  13   580     1
   15  90 14270     1
   16  26  2703    -1
   22  34  2153    -1
   27  51  4263    -1
   33  36   365     0
   39  48  1887     0
   44  58  2408    -1
   51  58   728    -1
   51  63  2201     0
   60  79  2947    -1
   63  71   901    -1
   68  77  1092    -1
   68  96  2905    -1
   69  82  3147     0
   73  79  1110    -1
   75  79   501    -1
   84 107  1943    -1
   87  96  1169    -1
   87 108  3362     0
  108 118  1134     1
End
