NMec = 98512
T = 25
P = 8
Profits not ignored
Solution time = 7.882e-02
Viable job selections = 10262402
Best total profit = 32044
Task data
    0  15  1673     0
    0  20  3094     1
    1  23  2955     2
    2  29  4082     3
    4   6   489     4
    4  12  2066     5
    5  15  2801     6
    7  14  1502     4
    7  14  1172    -1
    7  29  3983     7
   10  15   667    -1
   10  24  2115    -1
   10  25  2476    -1
   10  29  2260    -1
   11  28  2263    -1
   12  23  2073    -1
   13  24  1959    -1
   13  27  2112    -1
   14  26  2755     5
   14  30  2742    -1
   16  28  1305     0
   17  28  2610     4
   19  28  1259    -1
   19  30  1416     6
   23  28  1313     1
End
