NMec = 98512
T = 25
P = 7
Profits not ignored
Solution time = 8.724e-02
Viable job selections = 10737650
Best total profit = 32568
Task data
    0  34  2367    -1
    1   7   742     0
    1  19  3122     1
    1  27  1796    -1
    2   6  1075     2
    4  16  2517     3
    5  32  4876     4
    6   9   752     5
    8  29  3727     0
    9  13   885     2
    9  16  1862     6
   10  21  1410    -1
   15  25  1280    -1
   16  18   701    -1
   16  20   557    -1
   16  22  1488    -1
   16  29  1931    -1
   16  30  3853     2
   17  32  2569     3
   17  33  2377     5
   18  22   681    -1
   18  35  2389     6
   19  26   931    -1
   24  34  1822     1
   25  29   778    -1
End
