NMec = 98512
T = 25
P = 4
Profits ignored
Solution time = 6.562e-03
Maximum possible tasks = 14
Solutions = 7
Task data
    1  20     1     0
    5  45     1    -1
    6  16     1     1
    6  37     1    -1
    7  15     1     2
   13  33     1     3
   14  37     1    -1
   15  39     1    -1
   16  43     1    -1
   17  29     1     1
   20  34     1     2
   22  45     1    -1
   23  31     1     0
   23  44     1    -1
   29  41     1    -1
   29  46     1    -1
   30  48     1    -1
   30  49     1    -1
   35  41     1     0
   35  50     1     1
   35  52     1     2
   37  39     1     3
   40  47     1     3
   50  56     1     0
   51  55     1     1
End
