NMec = 98512
T = 25
P = 7
Profits ignored
Solution time = 9.092e-02
Maximum possible tasks = 16
Solutions = 1808
Task data
    0  34     1    -1
    1   7     1     0
    1  19     1    -1
    1  27     1    -1
    2   6     1     1
    4  16     1     2
    5  32     1    -1
    6   9     1     3
    8  29     1    -1
    9  13     1     0
    9  16     1     1
   10  21     1    -1
   15  25     1    -1
   16  18     1     0
   16  20     1    -1
   16  22     1     3
   16  29     1    -1
   16  30     1     4
   17  32     1     1
   17  33     1     2
   18  22     1     5
   18  35     1     6
   19  26     1     0
   24  34     1     3
   25  29     1     5
End
