NMec = 98512
T = 26
P = 7
Profits not ignored
Solution time = 8.217e-02
Viable job selections = 12652448
Best total profit = 35682
Task data
    0   7  1182     0
    0  21  3747     1
    1  17  1208    -1
    1  24  5718     2
    1  26  3178     3
    2  10   943     4
    3  15  1910     5
    3  25  3074     6
    4  22  2413    -1
   10  19  1045    -1
   11  22  1221    -1
   11  23   774    -1
   11  27  4535     0
   13  25  1031    -1
   14  19  1153    -1
   14  20   508    -1
   16  36  2858    -1
   17  20   580    -1
   17  21   953    -1
   17  35  4120     4
   17  37  3753     5
   19  30  1279    -1
   21  25   496    -1
   22  24   299    -1
   23  36  2488     1
   26  31  1034     2
End
