NMec = 98512
T = 26
P = 6
Profits ignored
Solution time = 1.635e-01
Maximum possible tasks = 18
Solutions = 6
Task data
    0  12     1     0
    0  43     1    -1
    1  42     1    -1
    5  14     1     1
    7  16     1     2
    7  21     1     3
    7  32     1    -1
    8  27     1     4
    9  32     1    -1
   12  18     1     5
   14  22     1     0
   18  24     1     1
   20  34     1    -1
   20  36     1    -1
   21  29     1     2
   21  34     1     5
   24  39     1    -1
   25  32     1     0
   25  39     1    -1
   26  34     1     1
   27  39     1     3
   30  40     1     2
   30  40     1     4
   33  38     1     0
   35  40     1     1
   36  40     1     5
End
