NMec = 98512
T = 26
P = 5
Profits ignored
Solution time = 7.174e-02
Maximum possible tasks = 16
Solutions = 631
Task data
    2  16     1    -1
    3  16     1     0
    5   7     1     1
    5  24     1    -1
    6  33     1    -1
    7  35     1    -1
   11  20     1     1
   11  24     1    -1
   13  25     1     2
   13  25     1     3
   15  24     1     4
   15  49     1    -1
   17  46     1    -1
   19  31     1     0
   20  39     1    -1
   20  44     1    -1
   24  40     1     1
   25  29     1     4
   30  51     1    -1
   31  32     1     2
   31  49     1     3
   34  45     1     0
   34  47     1     2
   36  50     1     4
   41  48     1     1
   47  51     1     0
End
