NMec = 98512
T = 26
P = 6
Profits not ignored
Solution time = 1.316e-01
Viable job selections = 16321833
Best total profit = 26968
Task data
    0  12  1112     0
    0  43  3507    -1
    1  42  5220     1
    5  14  1541     2
    7  16  1127     3
    7  21  1343    -1
    7  32  2334    -1
    8  27  2613     4
    9  32  2949     5
   12  18   975    -1
   14  22   761     0
   18  24  1401     2
   20  34  2219     3
   20  36  1786    -1
   21  29  1208    -1
   21  34  1487    -1
   24  39  2875     0
   25  32   941    -1
   25  39  1182    -1
   26  34  1478    -1
   27  39  2352     2
   30  40  1041    -1
   30  40  1481     4
   33  38   802     5
   35  40   423    -1
   36  40   515     3
End
