NMec = 98512
T = 26
P = 2
Profits ignored
Solution time = 4.475e-03
Maximum possible tasks = 11
Solutions = 6870
Task data
   11  21     1    -1
   13  23     1    -1
   15 108     1    -1
   19  37     1     0
   20  43     1    -1
   21  28     1     1
   25  47     1    -1
   30  47     1    -1
   30  52     1    -1
   33  43     1    -1
   36  52     1    -1
   38  47     1     0
   42  67     1     1
   49  71     1    -1
   57  73     1     0
   69  75     1     1
   76  89     1    -1
   77  85     1    -1
   79  96     1    -1
   79  97     1    -1
   81  87     1     0
   84 111     1     1
   91 110     1     0
  103 114     1    -1
  112 118     1     0
  114 121     1     1
End
