NMec = 98512
T = 26
P = 1
Profits ignored
Solution time = 5.553e-04
Maximum possible tasks = 12
Solutions = 16
Task data
    8  25     1    -1
    9  33     1    -1
   18  28     1    -1
   21  25     1     0
   47  66     1     0
   74  79     1     0
   79  84     1    -1
   81  94     1     0
  101 216     1    -1
  104 230     1    -1
  119 134     1     0
  124 141     1    -1
  128 144     1    -1
  136 152     1    -1
  139 146     1     0
  146 160     1    -1
  148 152     1     0
  172 183     1    -1
  174 186     1    -1
  176 193     1     0
  184 198     1    -1
  194 220     1     0
  215 239     1    -1
  221 227     1     0
  228 248     1     0
  249 254     1     0
End
