NMec = 98512
T = 26
P = 7
Profits ignored
Solution time = 1.094e-01
Maximum possible tasks = 15
Solutions = 6381
Task data
    0   7     1     0
    0  21     1    -1
    1  17     1     1
    1  24     1    -1
    1  26     1    -1
    2  10     1     2
    3  15     1     3
    3  25     1    -1
    4  22     1    -1
   10  19     1    -1
   11  22     1    -1
   11  23     1    -1
   11  27     1    -1
   13  25     1    -1
   14  19     1    -1
   14  20     1     0
   16  36     1     2
   17  20     1     3
   17  21     1     4
   17  35     1     5
   17  37     1     6
   19  30     1     1
   21  25     1     0
   22  24     1     3
   23  36     1     4
   26  31     1     0
End
