NMec = 98512
T = 26
P = 2
Profits not ignored
Solution time = 3.912e-03
Viable job selections = 564164
Best total profit = 35405
Task data
   11  21  1559    -1
   13  23  1728    -1
   15 108 16882     0
   19  37  2680    -1
   20  43  5793     1
   21  28  1149    -1
   25  47  2080    -1
   30  47  2852    -1
   30  52  4089    -1
   33  43  1167    -1
   36  52  4353    -1
   38  47  2169    -1
   42  67  4264    -1
   49  71  4348     1
   57  73  3529    -1
   69  75   780    -1
   76  89  1597     1
   77  85   766    -1
   79  96  3032    -1
   79  97  4097    -1
   81  87  1069    -1
   84 111  2579    -1
   91 110  4998     1
  103 114  1281    -1
  112 118   795     0
  114 121   992     1
End
