NMec = 98512
T = 26
P = 5
Profits not ignored
Solution time = 6.853e-02
Viable job selections = 9871614
Best total profit = 41276
Task data
    2  16  2424     0
    3  16  3576     1
    5   7   551     2
    5  24  3222     3
    6  33  6133     4
    7  35  4547    -1
   11  20   874    -1
   11  24  1210    -1
   13  25  1397    -1
   13  25  2991    -1
   15  24  2377    -1
   15  49  7456     2
   17  46  5053     0
   19  31  2477     1
   20  39  1941    -1
   20  44  2848    -1
   24  40  1880    -1
   25  29   405     3
   30  51  1813    -1
   31  32   269    -1
   31  49  3888     3
   34  45   764    -1
   34  47  2157     1
   36  50  3008     4
   41  48   995    -1
   47  51   926     0
End
