NMec = 98512
T = 26
P = 8
Profits not ignored
Solution time = 2.707e-01
Viable job selections = 44257728
Best total profit = 30822
Task data
    0   5   544     0
    0  18  3530     1
    2   7   725     2
    2   7   945     3
    2  14  1824     4
    2  16  2449     5
    3  17  2392    -1
    4  13  1221     6
    4  17  2022    -1
    7  16  2540     0
    7  30  2966     7
    8  16   826    -1
    8  20  2646     2
    8  22  2439     3
    9  22  1081    -1
   10  17   836    -1
   11  20  2261    -1
   15  19   573    -1
   15  23  1641     4
   15  27  1335     6
   18  23   522     0
   20  28   970     1
   21  29  1796     2
   21  32  1444     5
   27  29   476     0
   27  31   809     3
End
