NMec = 98512
T = 26
P = 1
Profits not ignored
Solution time = 4.633e-04
Viable job selections = 83300
Best total profit = 30373
Task data
    8  25  2900    -1
    9  33  4565     0
   18  28  1761    -1
   21  25   436    -1
   47  66  3787     0
   74  79   989     0
   79  84  1038    -1
   81  94  3141     0
  101 216 10356    -1
  104 230  9191    -1
  119 134  2455    -1
  124 141  4192     0
  128 144  1670    -1
  136 152  2234    -1
  139 146  1762    -1
  146 160  1600     0
  148 152   542    -1
  172 183  2887    -1
  174 186  1654    -1
  176 193  4633     0
  184 198  1394    -1
  194 220  3210     0
  215 239  5203    -1
  221 227  1562     0
  228 248  1796     0
  249 254   898     0
End
