NMec = 98512
T = 26
P = 3
Profits not ignored
Solution time = 1.493e-02
Viable job selections = 2346891
Best total profit = 34874
Task data
    6  20  1384    -1
    8  25  3202     0
   10  18  1836     1
   14  24  1087    -1
   15  32  3105    -1
   15  45  8234     2
   16  19   677    -1
   16  29  1669    -1
   23  41  3312     1
   24  36  1255    -1
   25  62  5798    -1
   27  36  1125    -1
   28  39  2174     0
   30  41  1237    -1
   34  50  3460    -1
   36  66  5514    -1
   38  45  1929    -1
   40  69  5881     0
   42  48   860    -1
   43  51  2255     1
   54  68  1909     1
   58  72  2476     2
   59  71  1484    -1
   67  78  1154    -1
   70  83  2355     0
   71  84  1240     1
End
