NMec = 98512
T = 26
P = 3
Profits ignored
Solution time = 1.991e-02
Maximum possible tasks = 13
Solutions = 2061
Task data
    6  20     1    -1
    8  25     1    -1
   10  18     1    -1
   14  24     1     0
   15  32     1    -1
   15  45     1    -1
   16  19     1     1
   16  29     1     2
   23  41     1    -1
   24  36     1    -1
   25  62     1    -1
   27  36     1     0
   28  39     1     1
   30  41     1     2
   34  50     1    -1
   36  66     1    -1
   38  45     1    -1
   40  69     1     0
   42  48     1     1
   43  51     1     2
   54  68     1     1
   58  72     1    -1
   59  71     1    -1
   67  78     1     2
   70  83     1     0
   71  84     1     1
End
