NMec = 98512
T = 26
P = 4
Profits not ignored
Solution time = 6.411e-03
Viable job selections = 746969
Best total profit = 35633
Task data
    0  59  7006     0
    5  64 14129     1
    9  57  4595    -1
   13  20  1350     2
   15  20   830    -1
   15  32  2075    -1
   16  24   961     3
   18  26  1444    -1
   18  37  2006    -1
   19  28  1495    -1
   20  39  2095    -1
   21  33  1497    -1
   21  33   870    -1
   23  36  2439     2
   24  37  1604    -1
   24  49  2333    -1
   26  46  3573     3
   26  51  2883    -1
   32  48  2443    -1
   32  50  1087    -1
   37  57  4031     2
   38  48  1926    -1
   38  62  3956    -1
   39  45  1512    -1
   41  51  1816    -1
   47  59  2144     3
End
