NMec = 98512
T = 26
P = 8
Profits ignored
Solution time = 2.724e-01
Maximum possible tasks = 19
Solutions = 3271
Task data
    0   5     1     0
    0  18     1    -1
    2   7     1     1
    2   7     1     2
    2  14     1     3
    2  16     1    -1
    3  17     1    -1
    4  13     1     4
    4  17     1    -1
    7  16     1    -1
    7  30     1    -1
    8  16     1    -1
    8  20     1     0
    8  22     1     1
    9  22     1     2
   10  17     1     5
   11  20     1     6
   15  19     1     3
   15  23     1     4
   15  27     1     7
   18  23     1     5
   20  28     1     3
   21  29     1     0
   21  32     1     6
   27  29     1     1
   27  31     1     2
End
