NMec = 98512
T = 27
P = 2
Profits not ignored
Solution time = 3.717e-03
Viable job selections = 431929
Best total profit = 42288
Task data
    5 109 22039     0
    8 120 10456    -1
   14  30  2124    -1
   18  27  2303     1
   18  41  2579    -1
   19  42  2865    -1
   20  35   935    -1
   24  39  1320    -1
   31  39  1436    -1
   32  75  7026    -1
   36  55  3547     1
   46  55  1497    -1
   50  67  4128    -1
   51  64  1852    -1
   52  64  1353    -1
   52  76  2187    -1
   56 130 12584     1
   66  82  2034    -1
   67  74  1283    -1
   76  92  2135    -1
   77  85  2187    -1
   89  97  1115    -1
   97 117  2609    -1
  104 119  2523    -1
  114 123   696    -1
  116 119   624    -1
  119 131  1815     0
End
