NMec = 98512
T = 27
P = 4
Profits not ignored
Solution time = 1.164e-01
Viable job selections = 20752712
Best total profit = 39503
Task data
    1   9  1165     0
    7  12  1559     1
    8  18  1189    -1
    8  23  2809     2
    8  24  1926    -1
   10  23  1406    -1
   10  27  1717    -1
   13  29  2312     0
   14  40  5954     1
   15  35  4881     3
   17  23   748    -1
   18  29  1440    -1
   21  62  3502    -1
   25  46  3357     2
   25  53  3393    -1
   30  37   973     0
   34  43  1554    -1
   36  49  1157    -1
   37  39   726     3
   40  46  1079     0
   41  58  4896     1
   43  66  3196     3
   47  55  1664     0
   49  61  1072     2
   56  67  1867     0
   59  61   544     1
   63  67  1449     1
End
