NMec = 98512
T = 27
P = 8
Profits not ignored
Solution time = 4.590e-01
Viable job selections = 62553408
Best total profit = 35012
Task data
    0   9  2389     0
    0  21  1587    -1
    1   7  1304     1
    1   9  1379     2
    3   9   752     3
    3  26  3266     4
    4  20  2033     5
    6   8   493     6
    9  25  4094     1
    9  26  2339    -1
    9  33  3124     6
   10  17   890     0
   11  23  1773     2
   12  29  4535     3
   13  22  1150    -1
   16  17   345    -1
   16  23   974    -1
   16  29  1595    -1
   17  22  1295    -1
   17  33  2749     7
   18  27  1652    -1
   19  25  1276    -1
   19  27   901    -1
   20  29  2009     0
   23  31  2229     5
   25  31  1013     2
   26  31   980     1
End
