NMec = 98512
T = 27
P = 3
Profits ignored
Solution time = 4.311e-02
Maximum possible tasks = 14
Solutions = 6032
Task data
    0  18     1    -1
    1  18     1    -1
    1  87     1    -1
    5  12     1    -1
    5  15     1     0
   10  22     1     1
   11  28     1     2
   18  34     1    -1
   19  29     1     0
   19  89     1    -1
   24  33     1     1
   30  41     1     0
   31  37     1     2
   44  62     1    -1
   48  61     1     0
   49  59     1     1
   52  71     1    -1
   53  60     1     2
   60  69     1    -1
   61  79     1    -1
   62  71     1     0
   63  83     1    -1
   63  87     1    -1
   65  81     1    -1
   66  83     1     1
   68  81     1     2
   76  84     1     0
End
