NMec = 98512
T = 27
P = 4
Profits ignored
Solution time = 1.359e-01
Maximum possible tasks = 17
Solutions = 1725
Task data
    1   9     1     0
    7  12     1     1
    8  18     1    -1
    8  23     1    -1
    8  24     1    -1
   10  23     1    -1
   10  27     1    -1
   13  29     1    -1
   14  40     1     0
   15  35     1     1
   17  23     1     2
   18  29     1     3
   21  62     1    -1
   25  46     1    -1
   25  53     1    -1
   30  37     1     2
   34  43     1     3
   36  49     1    -1
   37  39     1     1
   40  46     1     1
   41  58     1     0
   43  66     1     2
   47  55     1     1
   49  61     1     3
   56  67     1     1
   59  61     1     0
   63  67     1     0
End
