NMec = 98512
T = 27
P = 3
Profits not ignored
Solution time = 3.891e-02
Viable job selections = 4314178
Best total profit = 45367
Task data
    0  18  3719     0
    1  18  3945     1
    1  87 13655     2
    5  12   839    -1
    5  15  1271    -1
   10  22  1627    -1
   11  28  3171    -1
   18  34  3453    -1
   19  29  1075     0
   19  89 13530     1
   24  33  1412    -1
   30  41  2345     0
   31  37  1807    -1
   44  62  1774    -1
   48  61  3167     0
   49  59  1349    -1
   52  71  4061    -1
   53  60  1074    -1
   60  69   687    -1
   61  79  5569    -1
   62  71  1155    -1
   63  83  3931     0
   63  87  3668    -1
   65  81  2891    -1
   66  83  1889    -1
   68  81  2254    -1
   76  84  1293    -1
End
