NMec = 98512
T = 27
P = 2
Profits ignored
Solution time = 3.963e-03
Maximum possible tasks = 12
Solutions = 513
Task data
    5 109     1    -1
    8 120     1    -1
   14  30     1    -1
   18  27     1     0
   18  41     1    -1
   19  42     1    -1
   20  35     1    -1
   24  39     1     1
   31  39     1     0
   32  75     1    -1
   36  55     1    -1
   46  55     1    -1
   50  67     1    -1
   51  64     1    -1
   52  64     1     0
   52  76     1     1
   56 130     1    -1
   66  82     1    -1
   67  74     1     0
   76  92     1     0
   77  85     1     1
   89  97     1     1
   97 117     1     0
  104 119     1    -1
  114 123     1    -1
  116 119     1     1
  119 131     1     0
End
