NMec = 98512
T = 27
P = 8
Profits ignored
Solution time = 5.102e-01
Maximum possible tasks = 18
Solutions = 12905
Task data
    0   9     1     0
    0  21     1    -1
    1   7     1     1
    1   9     1     2
    3   9     1     3
    3  26     1    -1
    4  20     1    -1
    6   8     1     4
    9  25     1    -1
    9  26     1    -1
    9  33     1    -1
   10  17     1     0
   11  23     1    -1
   12  29     1    -1
   13  22     1    -1
   16  17     1     1
   16  23     1     2
   16  29     1     3
   17  22     1     4
   17  33     1     5
   18  27     1     0
   19  25     1     1
   19  27     1     6
   20  29     1     7
   23  31     1     4
   25  31     1     2
   26  31     1     1
End
