NMec = 98512
T = 27
P = 7
Profits not ignored
Solution time = 7.513e-02
Viable job selections = 9329688
Best total profit = 28753
Task data
    0  24  2640    -1
    2   9  1048     0
    2  12  1567     1
    2  27  1917    -1
    4  17  2605     2
    5  22  1479    -1
    6  25  3243     3
    6  30  3046    -1
    6  38  4677     4
    7   8   264     5
    7  24  4090     6
    8  13   486    -1
    9  21  1266    -1
    9  22  2858    -1
    9  24  2874     5
    9  26  2182    -1
   10  25  1588    -1
   12  23  1497    -1
   12  31  3377     0
   15  19   435    -1
   15  22   869    -1
   16  27  1220    -1
   16  32  3679     1
   16  33  1931    -1
   17  29  1292    -1
   19  25  1065     2
   37  38   264     0
End
