NMec = 98512
T = 27
P = 6
Profits ignored
Solution time = 6.484e-02
Maximum possible tasks = 14
Solutions = 1939
Task data
    0  10     1    -1
    1  19     1    -1
    2  11     1    -1
    2  18     1    -1
    2  29     1    -1
    3  16     1    -1
    3  18     1    -1
    4  10     1     0
    5  13     1     1
    5  25     1    -1
    5  27     1    -1
    8  17     1    -1
    8  19     1     2
    8  29     1    -1
    8  35     1    -1
    9  16     1     3
    9  26     1    -1
   10  12     1     4
   10  29     1     5
   11  22     1     0
   14  35     1     1
   16  26     1     4
   19  20     1     3
   21  27     1     2
   23  34     1     0
   24  40     1     3
   38  44     1     0
End
