NMec = 98512
T = 27
P = 5
Profits ignored
Solution time = 8.768e-02
Maximum possible tasks = 14
Solutions = 7654
Task data
    0  52     1    -1
    2  13     1    -1
    3  17     1    -1
    3  41     1    -1
    4  52     1    -1
    5  19     1    -1
    6  14     1     0
    7  21     1    -1
    7  31     1     1
   11  19     1     2
   12  21     1     3
   13  24     1     4
   16  37     1    -1
   16  41     1    -1
   17  23     1     0
   17  41     1    -1
   18  42     1    -1
   20  23     1     2
   25  37     1    -1
   27  40     1    -1
   30  41     1     0
   32  45     1     1
   33  37     1     2
   35  46     1     3
   36  42     1     4
   40  49     1     2
   43  45     1     0
End
