NMec = 98512
T = 27
P = 1
Profits not ignored
Solution time = 9.908e-04
Viable job selections = 146086
Best total profit = 36643
Task data
   12  20  1901     0
   30  40  1355    -1
   37  51  4147     0
   39  40   308    -1
   49  53   735    -1
   51  54   595    -1
   51  67  1429    -1
   57 220 26548     0
   58  74  3727    -1
   64  75  1305    -1
   74  96  5780    -1
   75  89   953    -1
  120 132  1148    -1
  121 131  2747    -1
  125 263 18630    -1
  145 155  2019    -1
  167 189  2078    -1
  177 204  6499    -1
  190 198   952    -1
  191 198  1103    -1
  194 215  2161    -1
  206 211   850    -1
  232 237  1440     0
  232 256  3029    -1
  234 239  1239    -1
  247 267  2607     0
  260 265   563    -1
End
