NMec = 98512
T = 27
P = 5
Profits not ignored
Solution time = 5.461e-02
Viable job selections = 8210760
Best total profit = 42341
Task data
    0  52  7689     0
    2  13  1105     1
    3  17  1386    -1
    3  41  5082    -1
    4  52 10477     2
    5  19  1112    -1
    6  14   623    -1
    7  21  4389     3
    7  31  6004     4
   11  19   893    -1
   12  21   579    -1
   13  24  1937    -1
   16  37  2850    -1
   16  41  6969     1
   17  23   944    -1
   17  41  4552    -1
   18  42  2873    -1
   20  23   435    -1
   25  37  1294    -1
   27  40  2020    -1
   30  41  2902     3
   32  45   832    -1
   33  37   712    -1
   35  46  2333     4
   36  42  1256    -1
   40  49  1008    -1
   43  45   473     1
End
