NMec = 98512
T = 27
P = 6
Profits not ignored
Solution time = 4.309e-02
Viable job selections = 7473692
Best total profit = 32810
Task data
    0  10  1782     0
    1  19  2345    -1
    2  11  1099    -1
    2  18  1155    -1
    2  29  3357     1
    3  16  3022     2
    3  18  1418    -1
    4  10  1070    -1
    5  13  2245     3
    5  25  2042    -1
    5  27  2451    -1
    8  17  1160    -1
    8  19  2397     4
    8  29  1769    -1
    8  35  2833    -1
    9  16   581    -1
    9  26  1585    -1
   10  12   499    -1
   10  29  4722     5
   11  22  2255     0
   14  35  4358     3
   16  26  1385    -1
   19  20   536     2
   21  27   905     2
   23  34  1137     0
   24  40  4753     4
   38  44  1341     0
End
