NMec = 98512
T = 27
P = 7
Profits ignored
Solution time = 1.181e-01
Maximum possible tasks = 13
Solutions = 16520
Task data
    0  24     1    -1
    2   9     1     0
    2  12     1     1
    2  27     1    -1
    4  17     1     2
    5  22     1    -1
    6  25     1    -1
    6  30     1    -1
    6  38     1    -1
    7   8     1     3
    7  24     1    -1
    8  13     1     4
    9  21     1    -1
    9  22     1    -1
    9  24     1    -1
    9  26     1    -1
   10  25     1    -1
   12  23     1    -1
   12  31     1    -1
   15  19     1     0
   15  22     1     1
   16  27     1     3
   16  32     1     4
   16  33     1     5
   17  29     1     6
   19  25     1     2
   37  38     1     0
End
