NMec = 98512
T = 27
P = 1
Profits ignored
Solution time = 1.459e-03
Maximum possible tasks = 12
Solutions = 80
Task data
   12  20     1     0
   30  40     1    -1
   37  51     1    -1
   39  40     1     0
   49  53     1    -1
   51  54     1     0
   51  67     1    -1
   57 220     1    -1
   58  74     1     0
   64  75     1    -1
   74  96     1    -1
   75  89     1     0
  120 132     1    -1
  121 131     1     0
  125 263     1    -1
  145 155     1     0
  167 189     1     0
  177 204     1    -1
  190 198     1    -1
  191 198     1     0
  194 215     1    -1
  206 211     1     0
  232 237     1    -1
  232 256     1    -1
  234 239     1     0
  247 267     1    -1
  260 265     1     0
End
