NMec = 98512
T = 28
P = 7
Profits not ignored
Solution time = 3.435e-01
Viable job selections = 66474728
Best total profit = 37231
Task data
    0  20  4519     0
    0  23  4601     1
    1  11  1217     2
    2  11  1770     3
    2  20  2099    -1
    3  11   955    -1
    3  25  3574     4
    4   8  1123     5
    4  21  3050    -1
    6  39  3322    -1
    7   9   488    -1
    7  14   658    -1
    8  35  4220     6
    9  21  1645    -1
    9  31  3807     5
   11  20  2414    -1
   11  23  1115    -1
   12  18   652    -1
   12  26  1488    -1
   13  24  3237     2
   14  19  1032    -1
   15  18   821     3
   19  23   941    -1
   19  30  3176     3
   21  34  3121     0
   27  30   864     1
   31  33   639     1
   34  39   542     1
End
