NMec = 98512
T = 28
P = 5
Profits not ignored
Solution time = 2.336e-01
Viable job selections = 35851966
Best total profit = 47047
Task data
    0  12  2316     0
    0  23  4364     1
    1  12  2698     2
    2  16  1412    -1
    3  27  2144    -1
    3  42  3597    -1
    4  29  1606    -1
    5  53 13097     3
   10  17   645    -1
   11  36  4752     4
   14  23  1725     0
   15  16   462    -1
   15  24  2374     2
   19  34  1523    -1
   20  25   686    -1
   20  26  1061    -1
   24  27   913     0
   24  48  6539     1
   28  48  2661     0
   29  42  1666    -1
   30  43  2093    -1
   31  45  3369     2
   33  42  1780    -1
   34  40  1418    -1
   35  49  2243    -1
   39  45  1568     4
   40  44   877    -1
   49  55   671     0
End
