NMec = 98512
T = 28
P = 8
Profits ignored
Solution time = 4.681e-01
Maximum possible tasks = 13
Solutions = 162549
Task data
    0   7     1     0
    0  26     1    -1
    1  24     1    -1
    1  30     1    -1
    1  31     1    -1
    2  11     1     1
    2  33     1    -1
    3  15     1    -1
    4   9     1     2
    4  17     1    -1
    5  20     1    -1
    5  27     1    -1
    6  27     1    -1
    6  32     1    -1
    8  15     1     0
    8  19     1    -1
    8  21     1    -1
    8  29     1    -1
    9  21     1    -1
    9  25     1     3
   10  20     1     2
   11  21     1     4
   11  23     1     5
   12  30     1     1
   13  20     1     6
   13  22     1     7
   16  20     1     0
   29  33     1     0
End
