NMec = 98512
T = 28
P = 4
Profits ignored
Solution time = 2.505e-01
Maximum possible tasks = 16
Solutions = 36599
Task data
    1  25     1    -1
    6  21     1    -1
    6  28     1    -1
    8  69     1    -1
    9  10     1     0
   10  26     1    -1
   11  25     1    -1
   14  18     1     0
   15  25     1     1
   17  22     1     2
   18  30     1     3
   26  33     1    -1
   27  39     1    -1
   28  37     1    -1
   28  38     1     0
   29  41     1    -1
   30  38     1     1
   31  39     1     2
   33  45     1     3
   39  57     1    -1
   40  54     1     0
   41  45     1     1
   41  47     1     2
   43  62     1    -1
   46  64     1     1
   49  66     1     2
   54  68     1     3
   61  68     1     0
End
