NMec = 98512
T = 28
P = 8
Profits not ignored
Solution time = 1.716e-01
Viable job selections = 22512886
Best total profit = 35168
Task data
    0   7  1761     0
    0  26  2156    -1
    1  24  3647     1
    1  30  3592     2
    1  31  5184     3
    2  11  1316     4
    2  33  3776     5
    3  15  1396    -1
    4   9  1158     6
    4  17  1000    -1
    5  20  3277    -1
    5  27  2203    -1
    6  27  2597    -1
    6  32  3185    -1
    8  15   855    -1
    8  19  1159    -1
    8  21  2049    -1
    8  29  5386     0
    9  21  2052    -1
    9  25  3596     7
   10  20  2478    -1
   11  21  2657     6
   11  23  1421    -1
   12  30  2714     4
   13  20  1931    -1
   13  22   892    -1
   16  20   760    -1
   29  33   381     1
End
