NMec = 98512
T = 28
P = 4
Profits not ignored
Solution time = 2.289e-01
Viable job selections = 37585826
Best total profit = 36168
Task data
    1  25  3275     0
    6  21  3206     1
    6  28  2628    -1
    8  69  7746     2
    9  10   238     3
   10  26  2067    -1
   11  25  1421    -1
   14  18  1114    -1
   15  25  2422     3
   17  22  1024    -1
   18  30  1982    -1
   26  33   570    -1
   27  39   998    -1
   28  37  2119     0
   28  38  2058     1
   29  41  1914    -1
   30  38   967    -1
   31  39  1333    -1
   33  45  2526     3
   39  57  2478    -1
   40  54  2610     0
   41  45   856    -1
   41  47  1233     1
   43  62  3133    -1
   46  64  3329     3
   49  66  3395     1
   54  68  1738    -1
   61  68  2011     0
End
