NMec = 98512
T = 28
P = 2
Profits ignored
Solution time = 2.901e-02
Maximum possible tasks = 15
Solutions = 60
Task data
   21  29     1    -1
   22  27     1     0
   24  27     1     1
   29  41     1     0
   29  44     1    -1
   39  50     1    -1
   41  44     1     1
   41  50     1    -1
   42  58     1     0
   48  50     1     1
   52  73     1     1
   54 125     1    -1
   62  64     1     0
   66  85     1     0
   68  97     1    -1
   74 130     1    -1
   84  91     1     1
   86 100     1    -1
   87 104     1    -1
   88 109     1    -1
   91 103     1    -1
   91 109     1     0
   93 107     1     1
  115 133     1    -1
  117 133     1    -1
  123 128     1     0
  125 135     1     1
  132 136     1     0
End
