NMec = 98512
T = 28
P = 1
Profits not ignored
Solution time = 1.207e-03
Viable job selections = 212237
Best total profit = 44681
Task data
    3  15  3080    -1
    3  23  4295    -1
   10 205 37060     0
   17  31  2711    -1
   33  37   697    -1
   50  66  4137    -1
   60 170  8217    -1
   72 100  6816    -1
   77  96  3008    -1
   78  89  1295    -1
   80 210 18902    -1
   86  91  1559    -1
   90 108  3134    -1
   99 213 15794    -1
  111 120  1124    -1
  126 130   467    -1
  161 178  2284    -1
  175 192  3131    -1
  176 200  3148    -1
  180 182   325    -1
  180 214  2600    -1
  189 192   641    -1
  203 211  1235    -1
  214 274  7342    -1
  217 222  1295     0
  225 234  1531     0
  241 253  3002     0
  259 275  1793     0
End
