NMec = 98512
T = 28
P = 3
Profits not ignored
Solution time = 2.002e-01
Viable job selections = 33538492
Best total profit = 42400
Task data
    2  11  2891     0
    3  26  3670     1
   10  15   670     2
   21  31  2308     0
   22  32   775    -1
   24  27   641     2
   27  44  4480     1
   28  49  2110     2
   29  41   956    -1
   30  35   726    -1
   33  37   616    -1
   33  40  1697     0
   35  39  1220    -1
   36  49  1015    -1
   46  47   122     0
   46  60  2252    -1
   46  60  3189     1
   50  78  4607     0
   53  63  2154    -1
   56  92  7736     2
   61  87  6110     1
   64  73  1223    -1
   65  72   984    -1
   67  77  1072    -1
   70  79  1402    -1
   79  93  2169     0
   81  90   938    -1
   85  93  1738    -1
End
