NMec = 98512
T = 28
P = 2
Profits not ignored
Solution time = 1.770e-02
Viable job selections = 2283426
Best total profit = 32600
Task data
   21  29  1002    -1
   22  27  1473     0
   24  27   701     1
   29  41  2848     0
   29  44  3816     1
   39  50   985    -1
   41  44   441    -1
   41  50  2073    -1
   42  58  1310     0
   48  50   448     1
   52  73  2642    -1
   54 125 11158     1
   62  64   323     0
   66  85  3591     0
   68  97  3726    -1
   74 130  5618    -1
   84  91   642    -1
   86 100  1877    -1
   87 104  1771    -1
   88 109  2883     0
   91 103  2290    -1
   91 109  2665    -1
   93 107  1876    -1
  115 133  2519    -1
  117 133  3635     0
  123 128   503    -1
  125 135  1278    -1
  132 136   414     1
End
