NMec = 98512
T = 28
P = 6
Profits ignored
Solution time = 3.266e-01
Maximum possible tasks = 17
Solutions = 2979
Task data
    0  14     1    -1
    1  19     1    -1
    1  36     1    -1
    2  11     1     0
    2  21     1    -1
    6  13     1     1
    7  18     1     2
    7  22     1     3
    8  30     1    -1
   11  18     1     4
   11  22     1     5
   13  30     1    -1
   14  28     1     0
   17  24     1     1
   17  30     1    -1
   19  29     1    -1
   19  42     1    -1
   20  24     1     2
   21  31     1    -1
   21  32     1    -1
   24  31     1     3
   24  46     1     4
   26  29     1     1
   26  32     1     2
   29  32     1     0
   29  36     1     5
   30  44     1     1
   35  40     1     0
End
