NMec = 98512
T = 28
P = 6
Profits not ignored
Solution time = 3.294e-01
Viable job selections = 46977042
Best total profit = 38847
Task data
    0  14  2142     0
    1  19  3200     1
    1  36  6467     2
    2  11  1763     3
    2  21  4078     4
    6  13  2067     5
    7  18  1024    -1
    7  22  1080    -1
    8  30  2853    -1
   11  18   531    -1
   11  22  1037    -1
   13  30  4095     3
   14  28  2588     5
   17  24   680    -1
   17  30  1328    -1
   19  29  1682    -1
   19  42  5090     0
   20  24   644    -1
   21  31  2036    -1
   21  32  3078     1
   24  31  1509    -1
   24  46  1966     4
   26  29   383    -1
   26  32   654    -1
   29  32   630    -1
   29  36  1078    -1
   30  44  1513     5
   35  40   800     1
End
