NMec = 98512
T = 28
P = 5
Profits ignored
Solution time = 2.799e-01
Maximum possible tasks = 17
Solutions = 786
Task data
    0  12     1     0
    0  23     1    -1
    1  12     1     1
    2  16     1     2
    3  27     1    -1
    3  42     1    -1
    4  29     1    -1
    5  53     1    -1
   10  17     1     3
   11  36     1    -1
   14  23     1     0
   15  16     1     1
   15  24     1     4
   19  34     1     1
   20  25     1     2
   20  26     1     3
   24  27     1     0
   24  48     1    -1
   28  48     1    -1
   29  42     1    -1
   30  43     1    -1
   31  45     1    -1
   33  42     1     0
   34  40     1     2
   35  49     1     1
   39  45     1     3
   40  44     1     4
   49  55     1     0
End
