NMec = 98512
T = 28
P = 7
Profits ignored
Solution time = 1.153e+00
Maximum possible tasks = 19
Solutions = 140
Task data
    0  20     1    -1
    0  23     1    -1
    1  11     1     0
    2  11     1     1
    2  20     1    -1
    3  11     1     2
    3  25     1    -1
    4   8     1     3
    4  21     1    -1
    6  39     1    -1
    7   9     1     4
    7  14     1     5
    8  35     1    -1
    9  21     1    -1
    9  31     1    -1
   11  20     1     3
   11  23     1     4
   12  18     1     0
   12  26     1     1
   13  24     1     2
   14  19     1     6
   15  18     1     5
   19  23     1     0
   19  30     1     5
   21  34     1     3
   27  30     1     0
   31  33     1     0
   34  39     1     0
End
