NMec = 98512
T = 29
P = 8
Profits not ignored
Solution time = 9.322e-01
Viable job selections = 97337563
Best total profit = 40081
Task data
    0   7   915     0
    0  30  4787     1
    2  11  1015     2
    2  12  1174     3
    2  24  2675    -1
    3  15  2313     4
    3  19  1270    -1
    3  30  4184     5
    4  24  2481    -1
    6  13  1359     6
    6  18  1679    -1
    8  13  1374     0
   10  11   408     7
   10  22   968    -1
   11  27  1631    -1
   12  26  3355     2
   12  35  3467     7
   13  27  2395    -1
   13  34  3837     3
   14  34  4055     0
   14  36  2995    -1
   15  36  3032    -1
   16  26   996    -1
   16  36  3923     4
   17  28   938    -1
   17  33  2875    -1
   18  31  3915     6
   20  33  1741    -1
   21  28   485    -1
End
