NMec = 98512
T = 29
P = 2
Profits ignored
Solution time = 9.450e-02
Maximum possible tasks = 15
Solutions = 693
Task data
    1   8     1     0
    1 136     1    -1
   10  21     1    -1
   18  27     1     0
   19  29     1     1
   32  35     1     0
   33  40     1     1
   34 132     1    -1
   50  52     1     0
   64  78     1     0
   68 100     1    -1
   71 131     1    -1
   73  77     1     1
   79  96     1    -1
   82 101     1    -1
   85  91     1     0
   87 100     1     1
  100 129     1    -1
  103 105     1     0
  104 125     1    -1
  106 120     1    -1
  109 132     1    -1
  113 119     1    -1
  114 127     1     0
  118 126     1     1
  119 138     1    -1
  123 144     1    -1
  130 143     1     0
  134 138     1     1
End
