NMec = 98512
T = 29
P = 7
Profits not ignored
Solution time = 2.745e-01
Viable job selections = 43137068
Best total profit = 36309
Task data
    0   2   319     0
    0  24  6361     1
    3  12  2046     0
    4  26  5334     2
    6  14  1350     3
    9  31  2825    -1
   10  30  1339    -1
   11  23  2116     4
   11  27  1781    -1
   11  28  2845     5
   12  21  1351     6
   12  30  1905    -1
   13  27  1898    -1
   14  28  1813    -1
   16  30  3259     0
   17  28  1703    -1
   18  27  2334     3
   18  29   741    -1
   19  32  1862    -1
   20  27   674    -1
   20  33  2290    -1
   21  28   772    -1
   22  39  3300     6
   23  30   652    -1
   24  35  1443     4
   26  32  1287     1
   28  38  1367     2
   29  34   876     3
   32  38   721     0
End
