NMec = 98512
T = 29
P = 1
Profits not ignored
Solution time = 4.378e-03
Viable job selections = 584646
Best total profit = 28504
Task data
    1  11   609     0
    4   7   468    -1
   13  21  1310     0
   37  43   637    -1
   37  60  5018     0
   41 283 21746    -1
   54  71  1914    -1
   65  80  1596     0
   76  88  2161    -1
   83  98  2740     0
   84  91  1338    -1
  110 130  5540     0
  127 137  2040    -1
  129 137   729    -1
  143 152  1157    -1
  144 152  1631    -1
  145 151   909    -1
  148 157  1658     0
  150 155   656    -1
  170 178  1330     0
  179 186   667     0
  186 202  1702    -1
  196 210  1130    -1
  198 239  4494     0
  208 209   326    -1
  240 251  1372    -1
  247 268  3542     0
  261 265  1410    -1
  261 273  1777    -1
End
