NMec = 98512
T = 29
P = 3
Profits ignored
Solution time = 1.153e-01
Maximum possible tasks = 15
Solutions = 60
Task data
    0  96     1    -1
    1  93     1    -1
    3  14     1    -1
    9  28     1    -1
   10  17     1     0
   10  25     1    -1
   12  17     1     1
   12  18     1     2
   15  27     1    -1
   15  32     1    -1
   18  30     1     0
   18  35     1     1
   22  32     1     2
   23  40     1    -1
   24  45     1    -1
   24  92     1    -1
   32  50     1     0
   32  87     1    -1
   39  49     1     1
   40  44     1     2
   49  87     1    -1
   50  64     1     1
   51  57     1     0
   52  74     1    -1
   53  68     1     2
   58  74     1    -1
   68  88     1     0
   71  78     1     1
   74  82     1     2
End
