NMec = 98512
T = 29
P = 8
Profits ignored
Solution time = 1.698e+00
Maximum possible tasks = 17
Solutions = 892
Task data
    0   7     1     0
    0  30     1    -1
    2  11     1     1
    2  12     1     2
    2  24     1    -1
    3  15     1     3
    3  19     1     4
    3  30     1    -1
    4  24     1    -1
    6  13     1     5
    6  18     1     6
    8  13     1     0
   10  11     1     7
   10  22     1    -1
   11  27     1    -1
   12  26     1    -1
   12  35     1    -1
   13  27     1    -1
   13  34     1    -1
   14  34     1    -1
   14  36     1    -1
   15  36     1     0
   16  26     1     1
   16  36     1     2
   17  28     1     3
   17  33     1     5
   18  31     1     7
   20  33     1     4
   21  28     1     6
End
