NMec = 98512
T = 29
P = 5
Profits ignored
Solution time = 1.295e+00
Maximum possible tasks = 19
Solutions = 15
Task data
    0   9     1     0
    0  11     1     1
    0  15     1     2
    0  19     1     3
    2  26     1    -1
    3  57     1    -1
    5  57     1    -1
    7  15     1     4
   10  38     1    -1
   12  16     1     0
   12  23     1     1
   17  25     1     0
   17  28     1     2
   17  28     1     4
   20  39     1    -1
   22  41     1    -1
   23  35     1     3
   24  29     1     1
   24  42     1    -1
   27  38     1     0
   28  47     1    -1
   29  32     1     2
   30  54     1    -1
   33  43     1    -1
   35  43     1     1
   36  53     1     2
   36  54     1     3
   37  46     1     4
   41  44     1     0
End
