NMec = 98512
T = 29
P = 5
Profits not ignored
Solution time = 4.313e-01
Viable job selections = 50933365
Best total profit = 41688
Task data
    0   9   761    -1
    0  11  2303     0
    0  15  3592     1
    0  19  2138     2
    2  26  4223     3
    3  57  4071    -1
    5  57  5925    -1
    7  15  1966     4
   10  38  4263    -1
   12  16   863    -1
   12  23  2599     0
   17  25  2186     1
   17  28  1042    -1
   17  28  1087    -1
   20  39  3562    -1
   22  41  4832     2
   23  35  2331     4
   24  29   737     0
   24  42  3116    -1
   27  38  2792     1
   28  47  3377     3
   29  32   554    -1
   30  54  4093     0
   33  43   876    -1
   35  43   902    -1
   36  53  1111    -1
   36  54  3989     4
   37  46  1066    -1
   41  44   530     1
End
