NMec = 98512
T = 29
P = 6
Profits ignored
Solution time = 6.560e-01
Maximum possible tasks = 15
Solutions = 24603
Task data
    0  48     1    -1
    2   3     1     0
    2  15     1     1
    3   5     1     2
    4  19     1     0
    4  24     1     3
    4  28     1    -1
    5  17     1     4
    6  46     1    -1
   12  25     1     2
   16  28     1    -1
   18  32     1    -1
   19  32     1    -1
   22  35     1    -1
   22  37     1    -1
   23  36     1    -1
   24  31     1    -1
   24  32     1    -1
   24  32     1     0
   25  37     1    -1
   25  47     1    -1
   26  48     1    -1
   27  38     1     1
   27  43     1     2
   27  46     1     3
   27  46     1     4
   28  40     1     5
   33  41     1     0
   45  48     1     0
End
