NMec = 98512
T = 29
P = 4
Profits ignored
Solution time = 3.054e-01
Maximum possible tasks = 17
Solutions = 994
Task data
    1  25     1    -1
    1  71     1    -1
    2  22     1    -1
    3   4     1     0
    3  22     1    -1
    4  19     1    -1
    6  20     1    -1
   10  20     1     0
   12  19     1     1
   13  23     1     2
   13  30     1     3
   20  33     1     1
   21  39     1     0
   28  32     1     2
   31  40     1     3
   32  51     1    -1
   32  52     1    -1
   34  53     1    -1
   36  47     1     1
   40  66     1    -1
   42  56     1    -1
   43  63     1    -1
   44  56     1     0
   46  48     1     2
   47  68     1     3
   48  51     1     1
   50  71     1     2
   62  68     1     0
   64  69     1     1
End
