NMec = 98512
T = 29
P = 4
Profits not ignored
Solution time = 2.401e-01
Viable job selections = 34806366
Best total profit = 50913
Task data
    1  25  2406    -1
    1  71 14884     0
    2  22  4154    -1
    3   4   271     1
    3  22  4542     2
    4  19  3236     3
    6  20  2942     1
   10  20  1832    -1
   12  19  1235    -1
   13  23  1588    -1
   13  30  3655    -1
   20  33  2176     3
   21  39  5594     1
   28  32  1075     2
   31  40   937    -1
   32  51  1674    -1
   32  52  1634    -1
   34  53  2953    -1
   36  47  2992     2
   40  66  3818     1
   42  56  2949    -1
   43  63  2441    -1
   44  56  2093    -1
   46  48   625    -1
   47  68  6094     3
   48  51   502    -1
   50  71  3289     2
   62  68   711    -1
   64  69   711    -1
End
