NMec = 98512
T = 29
P = 2
Profits not ignored
Solution time = 1.937e-02
Viable job selections = 2722680
Best total profit = 35662
Task data
    1   8  1287     0
    1 136 11667    -1
   10  21  1654     0
   18  27  2674     1
   19  29  1303    -1
   32  35   500     0
   33  40   889     1
   34 132 10140    -1
   50  52   390     0
   64  78  3846     0
   68 100  2020    -1
   71 131 13275     1
   73  77  1017    -1
   79  96  2349    -1
   82 101  3013     0
   85  91  1088    -1
   87 100  1735    -1
  100 129  3286    -1
  103 105   271     0
  104 125  3637    -1
  106 120  3164     0
  109 132  3080    -1
  113 119   904    -1
  114 127  1696    -1
  118 126  1908    -1
  119 138  3645    -1
  123 144  3434     0
  130 143  1254    -1
  134 138  1265     1
End
