NMec = 98512
T = 29
P = 3
Profits not ignored
Solution time = 3.193e-02
Viable job selections = 4099944
Best total profit = 44052
Task data
    0  96  9259    -1
    1  93 10103    -1
    3  14  2001     0
    9  28  1555    -1
   10  17   764    -1
   10  25  3096    -1
   12  17  1325     1
   12  18  1387     2
   15  27  2381     0
   15  32  2299    -1
   18  30  1234    -1
   18  35  4564     1
   22  32   801    -1
   23  40  3609    -1
   24  45  2955    -1
   24  92 13988     2
   32  50  3582     0
   32  87  3485    -1
   39  49  2451     1
   40  44   317    -1
   49  87  5678    -1
   50  64  3155     1
   51  57   770    -1
   52  74  2243    -1
   53  68  4456     0
   58  74  1242    -1
   68  88  2960     1
   71  78   745    -1
   74  82  1802     0
End
