NMec = 98512
T = 29
P = 1
Profits ignored
Solution time = 2.533e-02
Maximum possible tasks = 12
Solutions = 1680
Task data
    1  11     1    -1
    4   7     1     0
   13  21     1     0
   37  43     1    -1
   37  60     1     0
   41 283     1    -1
   54  71     1    -1
   65  80     1     0
   76  88     1    -1
   83  98     1    -1
   84  91     1     0
  110 130     1    -1
  127 137     1    -1
  129 137     1     0
  143 152     1    -1
  144 152     1    -1
  145 151     1    -1
  148 157     1    -1
  150 155     1     0
  170 178     1     0
  179 186     1    -1
  186 202     1     0
  196 210     1    -1
  198 239     1    -1
  208 209     1     0
  240 251     1     0
  247 268     1    -1
  261 265     1    -1
  261 273     1     0
End
