NMec = 98512
T = 30
P = 4
Profits ignored
Solution time = 2.471e-01
Maximum possible tasks = 16
Solutions = 38155
Task data
    2  13     1    -1
    3  48     1    -1
    4  11     1     0
    4  20     1     1
    7  17     1     2
   10  58     1    -1
   11  20     1     3
   12  39     1    -1
   14  45     1    -1
   15  34     1    -1
   15  71     1    -1
   19  33     1    -1
   19  45     1    -1
   22  35     1    -1
   28  38     1    -1
   31  36     1     0
   31  43     1     1
   32  41     1     2
   33  49     1     3
   37  39     1     0
   40  44     1     0
   45  57     1    -1
   46  51     1    -1
   46  56     1    -1
   46  57     1     0
   47  65     1     1
   50  56     1     2
   51  64     1     3
   58  64     1     0
   59  68     1     2
End
