NMec = 98512
T = 30
P = 8
Profits not ignored
Solution time = 9.037e-01
Viable job selections = 117204190
Best total profit = 36439
Task data
    1  31  4003     0
    2  15  1687     1
    2  23  3395    -1
    3  16  2020     2
    5  14   774    -1
    6   9   311     3
    6  15  1878     4
    6  17  1559    -1
    6  24  3694     5
    6  29  4501     6
    8  23  4648     7
    9  25  3664    -1
   10  26  1181    -1
   11  30  2694    -1
   12  32  2959    -1
   13  23  1128    -1
   14  27  1505    -1
   14  34  3576     3
   14  36  2033    -1
   15  22  1848    -1
   15  29  1209    -1
   17  30  2584     1
   17  36  2344     2
   18  31  1993    -1
   18  33  2286     4
   19  26  1660    -1
   21  26   650    -1
   21  33  1175    -1
   24  32  2484     7
   30  34   423     5
End
