NMec = 98512
T = 30
P = 1
Profits ignored
Solution time = 2.539e-03
Maximum possible tasks = 12
Solutions = 240
Task data
    2  17     1    -1
   12 226     1    -1
   14  21     1     0
   25  37     1    -1
   25 260     1    -1
   27  35     1    -1
   32  43     1     0
   37  63     1    -1
   49 167     1    -1
   51  68     1    -1
   51  73     1    -1
   52  66     1     0
   75  86     1    -1
   76  82     1    -1
   82 107     1     0
  114 297     1    -1
  124 139     1     0
  154 164     1     0
  170 192     1     0
  184 196     1    -1
  187 196     1    -1
  193 198     1     0
  203 214     1    -1
  212 216     1     0
  232 237     1     0
  236 247     1    -1
  238 258     1    -1
  246 259     1     0
  246 267     1    -1
  267 283     1     0
End
