NMec = 98512
T = 30
P = 7
Profits not ignored
Solution time = 4.353e+00
Viable job selections = 695883872
Best total profit = 40769
Task data
    0   9  1005     0
    0  16  3171     1
    0  18  5064     2
    1   7   820     3
    1   8   835     4
    1  10   936     5
    2  15  1842    -1
    2  22  2205    -1
    4   6   349     6
    6   9   345    -1
    6  29  3217    -1
    8  11   461     3
    8  31  6698     6
   10  26  1702     0
   12  35  3006     3
   13  22  1350    -1
   14  24  1918     4
   14  35  3887     5
   17  19   260    -1
   18  31  1855     1
   19  33  1474     2
   22  29   839    -1
   23  36  1181    -1
   25  36  3032     4
   29  39  1037    -1
   29  40  1801     0
   31  32   140    -1
   33  41  1105     1
   37  41   938     2
   38  42   712     3
End
