NMec = 98512
T = 30
P = 5
Profits ignored
Solution time = 6.583e-01
Maximum possible tasks = 18
Solutions = 205
Task data
    0  15     1     0
    1  13     1     1
    3  37     1    -1
    5  30     1    -1
    7  14     1     2
    7  57     1    -1
    8  41     1    -1
   16  28     1    -1
   16  30     1     0
   16  34     1     1
   17  22     1     2
   20  39     1    -1
   21  34     1     3
   23  47     1    -1
   25  31     1     2
   26  53     1    -1
   27  28     1     4
   27  40     1    -1
   31  37     1     0
   31  50     1    -1
   34  41     1     2
   34  43     1    -1
   34  47     1    -1
   34  50     1     4
   36  44     1     1
   37  48     1     3
   40  54     1     0
   42  56     1     2
   48  58     1     1
   52  57     1     3
End
