NMec = 98512
T = 30
P = 5
Profits not ignored
Solution time = 3.628e-01
Viable job selections = 57083076
Best total profit = 40737
Task data
    0  15  1916     0
    1  13  2495     1
    3  37  4532    -1
    5  30  4555     2
    7  14  1152     3
    7  57  6030    -1
    8  41  4781     4
   16  28  2079     0
   16  30  1434    -1
   16  34  3506     1
   17  22   613     3
   20  39  2949    -1
   21  34  2215    -1
   23  47  5642     3
   25  31   589    -1
   26  53  3457    -1
   27  28   571    -1
   27  40  2922    -1
   31  37  1699     0
   31  50  1737    -1
   34  41  1099    -1
   34  43  1484    -1
   34  47  2578    -1
   34  50  4141     2
   36  44  2120     1
   37  48  2083    -1
   40  54  1929     0
   42  56  1544     4
   48  58  1014     1
   52  57  1551     2
End
