NMec = 98512
T = 30
P = 7
Profits ignored
Solution time = 4.462e+00
Maximum possible tasks = 23
Solutions = 1254
Task data
    0   9     1    -1
    0  16     1    -1
    0  18     1    -1
    1   7     1     0
    1   8     1     1
    1  10     1     2
    2  15     1     3
    2  22     1     4
    4   6     1     5
    6   9     1     6
    6  29     1    -1
    8  11     1     0
    8  31     1    -1
   10  26     1     1
   12  35     1    -1
   13  22     1     0
   14  24     1     2
   14  35     1    -1
   17  19     1     3
   18  31     1     5
   19  33     1     6
   22  29     1     3
   23  36     1     0
   25  36     1     2
   29  39     1     1
   29  40     1     4
   31  32     1     3
   33  41     1     3
   37  41     1     0
   38  42     1     2
End
