NMec = 98512
T = 30
P = 2
Profits not ignored
Solution time = 1.505e-01
Viable job selections = 25712520
Best total profit = 44145
Task data
    4  24  3467     0
    6  23  2985    -1
   10  11   274     1
   12  25  2363    -1
   12  37  2416    -1
   14  98 19400     1
   25  28   717     0
   31  42  2083     0
   43  53  1587     0
   51  55   537    -1
   60  79  1582    -1
   63  69  1150     0
   64  76  1268    -1
   73  83  1617     0
   77  83  1420    -1
   86  96  2571     0
   86 105  4523    -1
   88 109  2941    -1
   89 144  5342    -1
   95 115  3456    -1
   98 109  2387     0
  101 105   709    -1
  101 105  1042     1
  114 122   933     0
  119 126   704    -1
  119 129  1085    -1
  120 128   733     1
  124 149  3954     0
  129 131   375     1
  132 146  1855     1
End
