NMec = 98512
T = 30
P = 3
Profits ignored
Solution time = 1.058e-01
Maximum possible tasks = 17
Solutions = 269
Task data
    0   2     1     0
    0   6     1     1
    1  98     1    -1
    2  16     1     2
   12  26     1     0
   21  32     1     1
   25  39     1    -1
   26  27     1     2
   28  38     1     0
   30  65     1    -1
   33  44     1     1
   35  50     1    -1
   36  38     1     2
   37  59     1    -1
   39  49     1    -1
   40  50     1    -1
   41  50     1     0
   42  63     1    -1
   45  51     1    -1
   47  55     1    -1
   47  66     1     1
   48  54     1     2
   50  73     1    -1
   51  65     1     0
   59  76     1    -1
   60  75     1    -1
   60  82     1     2
   68  75     1     0
   69  79     1     1
   86  88     1     0
End
