NMec = 98512
T = 30
P = 2
Profits ignored
Solution time = 1.538e-01
Maximum possible tasks = 19
Solutions = 96
Task data
    4  24     1    -1
    6  23     1     0
   10  11     1     1
   12  25     1    -1
   12  37     1     1
   14  98     1    -1
   25  28     1     0
   31  42     1     0
   43  53     1     0
   51  55     1     1
   60  79     1    -1
   63  69     1     0
   64  76     1     1
   73  83     1     0
   77  83     1     1
   86  96     1     0
   86 105     1    -1
   88 109     1    -1
   89 144     1    -1
   95 115     1    -1
   98 109     1    -1
  101 105     1     0
  101 105     1     1
  114 122     1     0
  119 126     1    -1
  119 129     1    -1
  120 128     1     1
  124 149     1     0
  129 131     1     1
  132 146     1     1
End
