NMec = 98512
T = 30
P = 6
Profits ignored
Solution time = 3.990e+00
Maximum possible tasks = 21
Solutions = 2520
Task data
    1  12     1     0
    2   8     1     1
    2  15     1     2
    4  19     1    -1
    6  30     1    -1
    7  24     1     3
    7  27     1    -1
    8  19     1     4
    9  23     1     1
   13  25     1     0
   13  25     1     5
   16  18     1     2
   19  29     1     2
   19  35     1    -1
   22  28     1     4
   23  45     1    -1
   24  29     1     1
   25  26     1     3
   27  32     1     0
   28  45     1    -1
   29  42     1    -1
   30  38     1    -1
   30  47     1    -1
   31  40     1     1
   31  43     1     2
   31  45     1     3
   32  35     1     4
   32  41     1     5
   33  36     1     0
   38  42     1     0
End
