NMec = 98512
T = 30
P = 8
Profits ignored
Solution time = 2.059e+00
Maximum possible tasks = 16
Solutions = 23308
Task data
    1  31     1    -1
    2  15     1     0
    2  23     1    -1
    3  16     1     1
    5  14     1     2
    6   9     1     3
    6  15     1     4
    6  17     1     5
    6  24     1    -1
    6  29     1    -1
    8  23     1    -1
    9  25     1    -1
   10  26     1    -1
   11  30     1    -1
   12  32     1    -1
   13  23     1    -1
   14  27     1    -1
   14  34     1    -1
   14  36     1    -1
   15  22     1     2
   15  29     1    -1
   17  30     1     0
   17  36     1     1
   18  31     1     3
   18  33     1     4
   19  26     1     5
   21  26     1     6
   21  33     1     7
   24  32     1     2
   30  34     1     5
End
