NMec = 98512
T = 30
P = 1
Profits not ignored
Solution time = 1.918e-03
Viable job selections = 252526
Best total profit = 56242
Task data
    2  17  2607     0
   12 226 15442    -1
   14  21  1170    -1
   25  37  2704    -1
   25 260 25202    -1
   27  35  1374     0
   32  43  2631    -1
   37  63  7715     0
   49 167 14897    -1
   51  68  4243    -1
   51  73  2145    -1
   52  66  3666    -1
   75  86  1578    -1
   76  82   853    -1
   82 107  4827     0
  114 297 39719     0
  124 139  2527    -1
  154 164  1083    -1
  170 192  2204    -1
  184 196  1344    -1
  187 196  1338    -1
  193 198  1177    -1
  203 214  2235    -1
  212 216  1275    -1
  232 237   753    -1
  236 247  1272    -1
  238 258  3435    -1
  246 259  2395    -1
  246 267  2598    -1
  267 283  1956    -1
End
