NMec = 98512
T = 30
P = 6
Profits not ignored
Solution time = 2.927e+00
Viable job selections = 419593524
Best total profit = 41819
Task data
    1  12  2367     0
    2   8  1036     1
    2  15  2486     2
    4  19  3395     3
    6  30  7301     4
    7  24  2187    -1
    7  27  2961     5
    8  19  1107    -1
    9  23  1195    -1
   13  25  2905     0
   13  25  2850     1
   16  18   496     2
   19  29  1470    -1
   19  35  3949     2
   22  28   850     3
   23  45  2258    -1
   24  29   382    -1
   25  26   141    -1
   27  32  1545     0
   28  45  1030    -1
   29  42  2471     1
   30  38   864    -1
   30  47  2032     3
   31  40  1515    -1
   31  43  2005     4
   31  45  1220    -1
   32  35   427    -1
   32  41  1862     5
   33  36   387     0
   38  42   921     0
End
