NMec = 98512
T = 31
P = 1
Profits ignored
Solution time = 7.316e-03
Maximum possible tasks = 15
Solutions = 8
Task data
    0   8     1     0
    1  16     1    -1
   15  20     1     0
   19  41     1    -1
   32  47     1    -1
   36  37     1     0
   36 145     1    -1
   39  56     1    -1
   45  59     1     0
   53  78     1    -1
   58  77     1    -1
   62 302     1    -1
   67  74     1     0
   76  88     1     0
   94 104     1    -1
   94 111     1     0
  108 238     1    -1
  114 116     1     0
  119 131     1     0
  120 137     1    -1
  128 152     1    -1
  133 138     1     0
  138 155     1    -1
  150 168     1     0
  176 185     1     0
  240 258     1    -1
  250 266     1     0
  274 300     1    -1
  275 288     1     0
  286 299     1    -1
  296 308     1     0
End
