NMec = 98512
T = 31
P = 6
Profits ignored
Solution time = 2.022e+00
Maximum possible tasks = 19
Solutions = 262
Task data
    0   3     1     0
    0  40     1    -1
    1  14     1     1
    1  32     1    -1
    2  10     1     2
    3  13     1     3
    3  21     1     4
    4  22     1     0
   12  24     1     2
   14  36     1    -1
   18  23     1     1
   18  31     1     3
   20  29     1     5
   20  38     1    -1
   21  35     1    -1
   22  37     1    -1
   22  42     1    -1
   22  43     1    -1
   25  41     1    -1
   25  48     1    -1
   27  31     1     0
   28  35     1    -1
   29  36     1     1
   29  44     1    -1
   30  45     1     2
   30  50     1     4
   30  51     1     5
   35  44     1     0
   35  50     1     3
   37  38     1     1
   39  49     1     1
End
