NMec = 98512
T = 31
P = 3
Profits not ignored
Solution time = 5.627e-01
Viable job selections = 81787432
Best total profit = 40952
Task data
    0  11  1333     0
    7  24  4692     1
    8  25  2609    -1
   10  35  3689     2
   12  13   384     0
   12  28  2178    -1
   15  37  2664    -1
   23  31  2001     0
   23  32  1683    -1
   30  40   752    -1
   31  95 11838     1
   32  44  1219     0
   42  59  1305    -1
   44  76  5753     2
   46  59  2598     0
   47  59  1629    -1
   48  56  1576    -1
   59  68  1956    -1
   60  63   363     0
   63  69   609    -1
   64  88  3898     0
   65  74  1371    -1
   67  81  2807    -1
   67  92  3757    -1
   68  78  2234    -1
   71  95  1885    -1
   73  77  1473    -1
   82  96  1514    -1
   85  97   777    -1
   87  96  1741     2
   91 101  1443     0
End
