NMec = 98512
T = 31
P = 1
Profits not ignored
Solution time = 4.853e-03
Viable job selections = 643001
Best total profit = 61082
Task data
    0   8  1731    -1
    1  16  2559     0
   15  20   441    -1
   19  41  2162    -1
   32  47  3569     0
   36  37   210    -1
   36 145 12149    -1
   39  56  1491    -1
   45  59  2351    -1
   53  78  5426     0
   58  77  1732    -1
   62 302 36692    -1
   67  74   979    -1
   76  88  2237    -1
   94 104  1671     0
   94 111  3740    -1
  108 238 38321     0
  114 116   466    -1
  119 131   896    -1
  120 137  3163    -1
  128 152  2555    -1
  133 138  1568    -1
  138 155  3327    -1
  150 168  4236    -1
  176 185  2458    -1
  240 258  1884     0
  250 266  1761    -1
  274 300  7652     0
  275 288  2148    -1
  286 299  3163    -1
  296 308  2067    -1
End
