NMec = 98512
T = 31
P = 5
Profits ignored
Solution time = 1.900e+00
Maximum possible tasks = 20
Solutions = 562
Task data
    0  11     1     0
    0  13     1     1
    2  61     1    -1
    4  19     1     2
    7  24     1    -1
    8  25     1    -1
   12  61     1    -1
   14  31     1    -1
   15  24     1     0
   17  53     1    -1
   19  30     1    -1
   19  38     1    -1
   20  35     1    -1
   22  27     1     1
   23  27     1     2
   23  35     1     3
   24  29     1     4
   27  35     1     0
   28  45     1    -1
   29  31     1     1
   30  32     1     2
   31  45     1    -1
   31  48     1     4
   33  43     1     1
   37  43     1     0
   37  47     1     2
   38  43     1     3
   47  52     1     0
   49  59     1     1
   50  58     1     2
   53  60     1     0
End
