NMec = 98512
T = 31
P = 8
Profits not ignored
Solution time = 3.555e+00
Viable job selections = 496082918
Best total profit = 44663
Task data
    2   9   715     0
    3  15  1516    -1
    3  19  2753     1
    4  30  5830     2
    5   9   391    -1
    6  11   567    -1
    6  12  1503     3
    6  27  3662    -1
    7  34  3926     4
    8  26  2728    -1
    9  19  2107     5
    9  25  4135     6
    9  32  3472    -1
    9  37  4527     7
   10  22  2105     0
   11  32  2013    -1
   12  21   942    -1
   12  21   838    -1
   12  33  2249    -1
   13  21  1216     3
   14  30  1569    -1
   20  27  1274    -1
   20  27   948    -1
   20  38  4468     1
   21  29   801    -1
   22  35  3267     3
   22  36  3384     5
   23  30  1412     0
   25  33   890    -1
   27  38  1428     6
   32  38  1887     0
End
