NMec = 98512
T = 31
P = 5
Profits not ignored
Solution time = 1.173e+00
Viable job selections = 196687100
Best total profit = 54200
Task data
    0  11  1853     0
    0  13  2738     1
    2  61 13014     2
    4  19  1392     3
    7  24  2221    -1
    8  25  4218     4
   12  61 11460     0
   14  31  2619    -1
   15  24  2399    -1
   17  53  6735     1
   19  30  1532    -1
   19  38  1712    -1
   20  35  2188     3
   22  27   457    -1
   23  27   947    -1
   23  35  1239    -1
   24  29   882    -1
   27  35   959    -1
   28  45  2568     4
   29  31   294    -1
   30  32   439    -1
   31  45  2558    -1
   31  48  1780    -1
   33  43  1707    -1
   37  43   805    -1
   37  47  2750     3
   38  43  1482    -1
   47  52  1277     4
   49  59  1763    -1
   50  58  2549     3
   53  60  1458     4
End
