NMec = 98512
T = 31
P = 2
Profits not ignored
Solution time = 1.276e-01
Viable job selections = 17425720
Best total profit = 33045
Task data
    1   2   380     0
   10  18   735     0
   13  39  2114     1
   23  28  1539     0
   30  45   967    -1
   32  44  1840    -1
   35  47  2355     0
   39  52  1236    -1
   47  62  1565    -1
   54 126  6287    -1
   58  79  3647     0
   58  80  4656     1
   62  70   755    -1
   62  72  2127    -1
   86 110  1845     0
   97 107  1789     1
  102 109  1316    -1
  102 114  1348    -1
  102 129  2534    -1
  112 126  3789     0
  122 146  4731    -1
  123 140  4028     1
  126 132  1221    -1
  126 135  1269    -1
  127 134  1104     0
  138 154  3356     0
  139 142   511    -1
  139 148  1597    -1
  143 151  1708     1
  145 149   593    -1
  148 153   561    -1
End
