NMec = 98512
T = 31
P = 4
Profits ignored
Solution time = 2.957e-01
Maximum possible tasks = 16
Solutions = 15050
Task data
    1  67     1    -1
    3  76     1    -1
    4  21     1    -1
    7  26     1    -1
    7  63     1    -1
    8  16     1     0
   11  14     1     1
   11  19     1     2
   14  23     1     3
   14  75     1    -1
   19  21     1     0
   22  71     1    -1
   23  46     1    -1
   28  39     1    -1
   28  70     1    -1
   31  58     1    -1
   33  40     1     0
   34  39     1     1
   36  43     1     2
   37  55     1     3
   44  53     1     0
   47  64     1    -1
   48  61     1    -1
   50  59     1     1
   50  61     1    -1
   59  65     1    -1
   60  62     1     0
   60  66     1     1
   60  68     1     2
   60  72     1     3
   66  69     1     0
End
