NMec = 98512
T = 31
P = 7
Profits ignored
Solution time = 4.178e+00
Maximum possible tasks = 21
Solutions = 8
Task data
    1   8     1     0
    1  10     1     1
    1  10     1     2
    1  19     1    -1
    1  39     1    -1
    2   9     1     3
    3  10     1     4
    4   6     1     5
    5  10     1     6
    5  17     1    -1
    7  20     1    -1
    8  17     1     5
    8  32     1    -1
   10  17     1     0
   10  32     1    -1
   10  32     1    -1
   11  14     1     1
   11  22     1    -1
   11  23     1     2
   11  29     1     3
   13  21     1     4
   13  24     1     6
   13  30     1    -1
   16  35     1    -1
   17  33     1     1
   18  33     1     0
   20  38     1     5
   22  31     1     4
   26  35     1     2
   26  36     1     6
   30  33     1     3
End
