NMec = 98512
T = 31
P = 3
Profits ignored
Solution time = 1.716e+00
Maximum possible tasks = 18
Solutions = 4590
Task data
    0  11     1     0
    7  24     1    -1
    8  25     1    -1
   10  35     1    -1
   12  13     1     0
   12  28     1     1
   15  37     1    -1
   23  31     1     0
   23  32     1     2
   30  40     1     1
   31  95     1    -1
   32  44     1     0
   42  59     1    -1
   44  76     1    -1
   46  59     1     0
   47  59     1     1
   48  56     1     2
   59  68     1    -1
   60  63     1     0
   63  69     1     1
   64  88     1    -1
   65  74     1    -1
   67  81     1     0
   67  92     1    -1
   68  78     1     2
   71  95     1    -1
   73  77     1     1
   82  96     1    -1
   85  97     1     0
   87  96     1     1
   91 101     1     2
End
