NMec = 98512
T = 31
P = 7
Profits not ignored
Solution time = 3.527e+00
Viable job selections = 451788903
Best total profit = 32927
Task data
    1   8   524    -1
    1  10  1038     0
    1  10   880    -1
    1  19  3159     1
    1  39  4039     2
    2   9  1176     3
    3  10  1645     4
    4   6   260    -1
    5  10  1296     5
    5  17  2698     6
    7  20  1600    -1
    8  17   855    -1
    8  32  2326    -1
   10  17   575    -1
   10  32  2616    -1
   10  32  2573    -1
   11  14   851     0
   11  22   804    -1
   11  23  3020     3
   11  29  1718    -1
   13  21  2085     4
   13  24  1351    -1
   13  30  2906     5
   16  35  2009     0
   17  33  1467    -1
   18  33  1668     6
   20  38  1922     1
   22  31  2062     4
   26  35  1277    -1
   26  36  1353     3
   30  33   514    -1
End
