NMec = 98512
T = 31
P = 6
Profits not ignored
Solution time = 1.150e+00
Viable job selections = 158194323
Best total profit = 43739
Task data
    0   3   508     0
    0  40  6930     1
    1  14  1006    -1
    1  32  6261     2
    2  10  1488     3
    3  13  1751     4
    3  21  1757     5
    4  22  2732     0
   12  24  1791     3
   14  36  3086     4
   18  23   552    -1
   18  31   939    -1
   20  29  1198    -1
   20  38  1899    -1
   21  35  1841    -1
   22  37  3102    -1
   22  42  3086    -1
   22  43  5867     5
   25  41  2084    -1
   25  48  1985    -1
   27  31   323    -1
   28  35  1334    -1
   29  36   565    -1
   29  44  4431     0
   30  45  1276    -1
   30  50  2161    -1
   30  51  2991     3
   35  44  2284     2
   35  50  1739    -1
   37  38   218     4
   39  49  1644     4
End
