NMec = 98512
T = 31
P = 4
Profits not ignored
Solution time = 2.729e-01
Viable job selections = 37870569
Best total profit = 45836
Task data
    1  67  9608     0
    3  76  5405    -1
    4  21  1584     1
    7  26  1339    -1
    7  63 10627     2
    8  16   872    -1
   11  14   364    -1
   11  19   980    -1
   14  23  2435     3
   14  75  8111    -1
   19  21   291    -1
   22  71 13848     1
   23  46  2094    -1
   28  39  1921    -1
   28  70  6887     3
   31  58  3056    -1
   33  40  1074    -1
   34  39  1344    -1
   36  43  1959    -1
   37  55  3156    -1
   44  53  2223    -1
   47  64  3092    -1
   48  61  1123    -1
   50  59   819    -1
   50  61  1006    -1
   59  65   884    -1
   60  62   611    -1
   60  66   813    -1
   60  68  1589    -1
   60  72  1829    -1
   66  69   847     2
End
