NMec = 98512
T = 31
P = 2
Profits ignored
Solution time = 3.902e-01
Maximum possible tasks = 15
Solutions = 13248
Task data
    1   2     1     0
   10  18     1     0
   13  39     1    -1
   23  28     1     0
   30  45     1    -1
   32  44     1    -1
   35  47     1     0
   39  52     1     1
   47  62     1    -1
   54 126     1    -1
   58  79     1    -1
   58  80     1    -1
   62  70     1     0
   62  72     1     1
   86 110     1    -1
   97 107     1    -1
  102 109     1     0
  102 114     1     1
  102 129     1    -1
  112 126     1     0
  122 146     1    -1
  123 140     1    -1
  126 132     1    -1
  126 135     1     1
  127 134     1     0
  138 154     1    -1
  139 142     1     0
  139 148     1    -1
  143 151     1    -1
  145 149     1     0
  148 153     1     1
End
