NMec = 98512
T = 31
P = 8
Profits ignored
Solution time = 3.770e+00
Maximum possible tasks = 21
Solutions = 8
Task data
    2   9     1     0
    3  15     1     1
    3  19     1     2
    4  30     1    -1
    5   9     1     3
    6  11     1     4
    6  12     1     5
    6  27     1    -1
    7  34     1    -1
    8  26     1    -1
    9  19     1     6
    9  25     1     7
    9  32     1    -1
    9  37     1    -1
   10  22     1     0
   11  32     1    -1
   12  21     1     3
   12  21     1     4
   12  33     1    -1
   13  21     1     5
   14  30     1    -1
   20  27     1    -1
   20  27     1     1
   20  38     1     2
   21  29     1     6
   22  35     1     3
   22  36     1     4
   23  30     1     0
   25  33     1     5
   27  38     1     7
   32  38     1     0
End
