NMec = 98512
T = 32
P = 1
Profits ignored
Solution time = 2.932e-03
Maximum possible tasks = 13
Solutions = 36
Task data
   11  36     1    -1
   20  24     1     0
   26  32     1     0
   29 102     1    -1
   56  66     1    -1
   61  67     1    -1
   64 305     1    -1
   65  79     1     0
   69 256     1    -1
   80  82     1     0
   81  88     1    -1
   83  91     1     0
   90 114     1    -1
  101 114     1    -1
  106 110     1     0
  109 132     1    -1
  118 121     1     0
  122 137     1     0
  130 311     1    -1
  139 159     1    -1
  144 163     1    -1
  153 163     1     0
  156 173     1    -1
  170 182     1     0
  178 316     1    -1
  208 227     1    -1
  211 232     1    -1
  215 234     1    -1
  219 230     1     0
  224 245     1    -1
  231 245     1     0
  274 281     1     0
End
