NMec = 98512
T = 32
P = 6
Profits not ignored
Solution time = 4.563e+00
Viable job selections = 534615195
Best total profit = 42711
Task data
    0  13  1414    -1
    1  14  1746     0
    2  13  2998     1
    2  22  1753    -1
    2  22  3069     2
    3  53  4255    -1
    4  15  1732     3
    5   7   209     4
    6  19  1873     5
    8  46  6984     4
   16  27  2361     0
   17  28  1590     1
   19  26  1069    -1
   19  37  2859     3
   19  38  2949    -1
   21  41  3452    -1
   22  32  1220    -1
   22  53  3893     5
   24  38  2808     2
   25  40  1538    -1
   27  41  1717    -1
   27  42  1721    -1
   28  49  4387     0
   29  35  1443    -1
   29  44  2649    -1
   30  40  2428     1
   36  41   984    -1
   37  46  1119    -1
   38  52  1362     3
   40  53  1345     2
   41  45  1067     1
   41  46   976    -1
End
