NMec = 98512
T = 32
P = 1
Profits not ignored
Solution time = 3.215e-03
Viable job selections = 260949
Best total profit = 43563
Task data
   11  36  3873    -1
   20  24   813     0
   26  32   471    -1
   29 102 17493     0
   56  66  1013    -1
   61  67  1458    -1
   64 305 39600    -1
   65  79  2418    -1
   69 256 34112    -1
   80  82   399    -1
   81  88   864    -1
   83  91   792    -1
   90 114  5740    -1
  101 114  2099    -1
  106 110   930     0
  109 132  2106    -1
  118 121   975     0
  122 137  1952    -1
  130 311 23352     0
  139 159  1330    -1
  144 163  2279    -1
  153 163   864    -1
  156 173  2137    -1
  170 182  2472    -1
  178 316 16192    -1
  208 227  4198    -1
  211 232  2594    -1
  215 234  2650    -1
  219 230  1327    -1
  224 245  4743    -1
  231 245  1303    -1
  274 281   732    -1
End
