NMec = 98512
T = 32
P = 3
Profits not ignored
Solution time = 1.790e+00
Viable job selections = 294722332
Best total profit = 48098
Task data
    1  83  5060    -1
    4   6   256     0
    5  12   758     1
    5  19  1330    -1
    8  19  2491    -1
   11  18   805    -1
   11  22  2619     0
   13  95 15897     1
   15  30  2096    -1
   16  20  1227    -1
   17  30  3170     2
   19  34  2091    -1
   24  28   561     0
   27  28   204    -1
   30  40  1259     0
   31  33   358     2
   36  60  5065     2
   37  54  1981    -1
   47  61  1607    -1
   48  55  1140     0
   56  67  1371    -1
   59  67  1585     0
   64  76  2200     2
   66  70   416    -1
   68  70   569    -1
   69 104  9527     0
   72  91  1762    -1
   73  78  1122    -1
   83  96  3703     2
   84  88   758    -1
   84  98  1017    -1
   95 106  2237    -1
End
