NMec = 98512
T = 32
P = 3
Profits ignored
Solution time = 3.251e+00
Maximum possible tasks = 22
Solutions = 186
Task data
    1  83     1    -1
    4   6     1     0
    5  12     1     1
    5  19     1    -1
    8  19     1    -1
   11  18     1     0
   11  22     1     2
   13  95     1    -1
   15  30     1    -1
   16  20     1     1
   17  30     1    -1
   19  34     1     0
   24  28     1     1
   27  28     1     2
   30  40     1     1
   31  33     1     2
   36  60     1    -1
   37  54     1     0
   47  61     1     1
   48  55     1     2
   56  67     1    -1
   59  67     1     0
   64  76     1     1
   66  70     1     2
   68  70     1     0
   69 104     1    -1
   72  91     1    -1
   73  78     1     0
   83  96     1     0
   84  88     1     1
   84  98     1     2
   95 106     1     1
End
