NMec = 98512
T = 32
P = 7
Profits not ignored
Solution time = 1.618e+00
Viable job selections = 279755234
Best total profit = 37322
Task data
    1  28  4860     0
    2  41  4694     1
    4  14  1790     2
    6  23  2108     3
    7  19  2624     4
    7  28  3119    -1
    7  28  3783     5
    8  10   799     6
    8  39  3547    -1
   10  21  1648    -1
   10  25  1928    -1
   10  28  1972    -1
   11  28  2121    -1
   12  27  2819    -1
   12  33  2651    -1
   13  23   709    -1
   13  24  1213     6
   13  29  2775    -1
   13  32  2412    -1
   17  19   345    -1
   19  31  2510     2
   19  33  1738    -1
   20  35  3854     4
   22  30  1689    -1
   24  38  1265    -1
   25  29  1056    -1
   27  32  1730     3
   27  40  2287     6
   31  39  1908     0
   33  45  1097     2
   35  45  1858     3
   42  43   207     0
End
