NMec = 98512
T = 32
P = 2
Profits not ignored
Solution time = 2.060e-01
Viable job selections = 32712758
Best total profit = 48581
Task data
    1 154 14494    -1
    5   7   347     0
    5 146 23457     1
   18  28  1950     0
   19  23  1178    -1
   29  34  1628     0
   41  58  1584    -1
   43  50  1076    -1
   45  70  6146     0
   48  92  6605    -1
   56  64   819    -1
   56  73  1402    -1
   57  74  3882    -1
   66  72  1036    -1
   74  82   555     0
   78  91  1748    -1
   81 105  1495    -1
   82 130  6489    -1
   83  96  2991     0
   95 115  3072    -1
   98  99   284    -1
   98 121  5612     0
  101 105   946    -1
  101 107   783    -1
  106 110   619    -1
  108 123  2272    -1
  117 135  2079    -1
  122 134  1475     0
  129 141  1021    -1
  137 151  3424     0
  144 156  1644    -1
  151 154   996     1
End
