NMec = 98512
T = 32
P = 5
Profits not ignored
Solution time = 1.610e+00
Viable job selections = 196727393
Best total profit = 44359
Task data
    2  19  1835     0
    2  26  5417     1
    3  24  2242    -1
    4  41  4195    -1
    5  18  3144     2
    9  20  1645    -1
    9  31  3621     3
   12  34  2584    -1
   15  30  2238    -1
   15  42  5301     4
   16  37  3529    -1
   19  30  2160     2
   24  34  2074     0
   24  36  1751    -1
   25  54  2253    -1
   28  46  4614     1
   28  53  3762    -1
   30  47  2602    -1
   31  53  2620     2
   32  42  1965     3
   34  56  2239    -1
   35  42  1183    -1
   37  61  3872     0
   41  47   791    -1
   41  58  1939    -1
   45  57  1344    -1
   46  58  1770     3
   49  59  2182     1
   50  55  1152    -1
   51  62  3118     4
   52  55   381    -1
   54  61   666     2
End
