NMec = 98512
T = 32
P = 4
Profits not ignored
Solution time = 4.621e-01
Viable job selections = 79210536
Best total profit = 43288
Task data
    2   5   626     0
    5  14  1140     1
    6  43  3443    -1
    7  18  1483    -1
    7  20  1687     0
   10  23  1822    -1
   10  65  7592     2
   13  42  5783     3
   16  18   425     1
   16  33  3132    -1
   20  44  3848     1
   21  37  2318    -1
   22  75  9182     0
   25  37  1073    -1
   25  39   983    -1
   25  44  3380    -1
   27  44  2239    -1
   29  36  1086    -1
   30  38  2343    -1
   30  42  1073    -1
   32  41  1244    -1
   33  54  1870    -1
   37  52  1408    -1
   40  48   914    -1
   43  59  4314     3
   45  51  1479    -1
   47  66  4674     1
   49  53   627    -1
   51  58  1650    -1
   54  73  1826    -1
   61  79  2968     3
   66  71  1049     2
End
