NMec = 98512
T = 32
P = 4
Profits ignored
Solution time = 9.934e-01
Maximum possible tasks = 18
Solutions = 1611
Task data
    2   5     1     0
    5  14     1     1
    6  43     1    -1
    7  18     1     0
    7  20     1     2
   10  23     1     3
   10  65     1    -1
   13  42     1    -1
   16  18     1     1
   16  33     1    -1
   20  44     1    -1
   21  37     1    -1
   22  75     1    -1
   25  37     1    -1
   25  39     1    -1
   25  44     1    -1
   27  44     1    -1
   29  36     1     0
   30  38     1     1
   30  42     1     2
   32  41     1     3
   33  54     1    -1
   37  52     1    -1
   40  48     1     0
   43  59     1    -1
   45  51     1     1
   47  66     1     2
   49  53     1     0
   51  58     1     3
   54  73     1     0
   61  79     1     1
   66  71     1     3
End
