NMec = 98512
T = 32
P = 6
Profits ignored
Solution time = 5.334e+00
Maximum possible tasks = 20
Solutions = 1651
Task data
    0  13     1    -1
    1  14     1    -1
    2  13     1     0
    2  22     1     1
    2  22     1     2
    3  53     1    -1
    4  15     1     3
    5   7     1     4
    6  19     1     5
    8  46     1    -1
   16  27     1    -1
   17  28     1     0
   19  26     1     3
   19  37     1     4
   19  38     1    -1
   21  41     1    -1
   22  32     1     5
   22  53     1    -1
   24  38     1     1
   25  40     1     2
   27  41     1    -1
   27  42     1    -1
   28  49     1    -1
   29  35     1     0
   29  44     1    -1
   30  40     1     3
   36  41     1     0
   37  46     1     5
   38  52     1     4
   40  53     1     1
   41  45     1     2
   41  46     1     3
End
