NMec = 98512
T = 32
P = 8
Profits ignored
Solution time = 4.390e+00
Maximum possible tasks = 18
Solutions = 9923
Task data
    0  36     1    -1
    1  14     1     0
    2   5     1     1
    2   6     1     2
    2   6     1     3
    2  37     1    -1
    4  17     1     4
    9  20     1     1
    9  36     1    -1
   10  20     1     2
   10  22     1     3
   10  36     1    -1
   11  25     1    -1
   11  31     1    -1
   12  33     1    -1
   13  31     1    -1
   13  33     1    -1
   17  28     1    -1
   17  29     1    -1
   17  37     1    -1
   18  37     1    -1
   19  25     1     0
   20  25     1     4
   20  30     1    -1
   20  31     1     5
   20  34     1     6
   21  29     1     1
   23  32     1     2
   25  29     1     3
   25  34     1     7
   28  37     1     0
   29  37     1     4
End
