NMec = 98512
T = 32
P = 2
Profits ignored
Solution time = 1.964e-01
Maximum possible tasks = 20
Solutions = 36
Task data
    1 154     1    -1
    5   7     1     0
    5 146     1    -1
   18  28     1     0
   19  23     1     1
   29  34     1     0
   41  58     1    -1
   43  50     1     0
   45  70     1    -1
   48  92     1    -1
   56  64     1     0
   56  73     1    -1
   57  74     1     1
   66  72     1     0
   74  82     1     0
   78  91     1     1
   81 105     1    -1
   82 130     1    -1
   83  96     1     0
   95 115     1    -1
   98  99     1     0
   98 121     1    -1
  101 105     1     0
  101 107     1     1
  106 110     1     0
  108 123     1     1
  117 135     1    -1
  122 134     1     0
  129 141     1     1
  137 151     1    -1
  144 156     1     0
  151 154     1     1
End
