NMec = 98512
T = 32
P = 5
Profits ignored
Solution time = 2.822e+00
Maximum possible tasks = 18
Solutions = 210
Task data
    2  19     1     0
    2  26     1    -1
    3  24     1     1
    4  41     1    -1
    5  18     1     2
    9  20     1     3
    9  31     1    -1
   12  34     1    -1
   15  30     1     4
   15  42     1    -1
   16  37     1    -1
   19  30     1     2
   24  34     1     0
   24  36     1     3
   25  54     1    -1
   28  46     1    -1
   28  53     1    -1
   30  47     1     1
   31  53     1     2
   32  42     1     4
   34  56     1    -1
   35  42     1     0
   37  61     1    -1
   41  47     1     3
   41  58     1    -1
   45  57     1    -1
   46  58     1    -1
   49  59     1     0
   50  55     1     1
   51  62     1     3
   52  55     1     4
   54  61     1     2
End
