NMec = 98512
T = 32
P = 7
Profits ignored
Solution time = 2.933e+00
Maximum possible tasks = 19
Solutions = 81
Task data
    1  28     1    -1
    2  41     1    -1
    4  14     1     0
    6  23     1    -1
    7  19     1     1
    7  28     1    -1
    7  28     1    -1
    8  10     1     2
    8  39     1    -1
   10  21     1     3
   10  25     1     4
   10  28     1    -1
   11  28     1    -1
   12  27     1    -1
   12  33     1    -1
   13  23     1     2
   13  24     1     5
   13  29     1    -1
   13  32     1    -1
   17  19     1     0
   19  31     1    -1
   19  33     1     6
   20  35     1     0
   22  30     1     1
   24  38     1     2
   25  29     1     3
   27  32     1     4
   27  40     1     5
   31  39     1     1
   33  45     1     3
   35  45     1     4
   42  43     1     0
End
