NMec = 98512
T = 32
P = 8
Profits not ignored
Solution time = 4.008e+00
Viable job selections = 401279736
Best total profit = 44253
Task data
    0  36  4033     0
    1  14  3317     1
    2   5   554     2
    2   6   444     3
    2   6   409     4
    2  37  5541     5
    4  17  2378     6
    9  20  1296    -1
    9  36  5734     2
   10  20  2291    -1
   10  22  2522     3
   10  36  3628    -1
   11  25  2678     4
   11  31  2547    -1
   12  33  5729     7
   13  31  2661    -1
   13  33  3849    -1
   17  28  1929    -1
   17  29  3076    -1
   17  37  3769     1
   18  37  1969    -1
   19  25  1216    -1
   20  25  1198    -1
   20  30  2551    -1
   20  31  1871    -1
   20  34  4116     6
   21  29  1078    -1
   23  32  1779     3
   25  29  1170    -1
   25  34  1001    -1
   28  37  1179    -1
   29  37  1250     4
End
