NMec = 98512
T = 33
P = 7
Profits ignored
Solution time = 1.430e+01
Maximum possible tasks = 21
Solutions = 15162
Task data
    0   6     1    -1
    0  22     1    -1
    0  38     1    -1
    1  13     1    -1
    1  13     1     0
    1  21     1     1
    2   7     1     2
    3  18     1     3
    3  18     1     4
    4  16     1     5
    6  20     1     6
    6  27     1    -1
    7  37     1    -1
   10  20     1     2
   14  36     1    -1
   15  16     1     0
   16  36     1    -1
   18  25     1    -1
   18  25     1    -1
   18  26     1     0
   18  37     1    -1
   20  27     1     3
   20  34     1     4
   22  33     1     1
   22  36     1    -1
   23  38     1     2
   23  47     1     5
   25  28     1     6
   27  46     1     0
   29  40     1     3
   31  35     1     6
   34  40     1     1
   35  44     1     4
End
