NMec = 98512
T = 33
P = 4
Profits not ignored
Solution time = 7.536e-01
Viable job selections = 87420346
Best total profit = 40541
Task data
    0  79  6852    -1
    1   4   755     0
    2  27  3850     1
    4  19  1573     2
    7  13  1044     0
    8  75  8521    -1
   10  40  2303    -1
   11  25   934    -1
   11  80  9517     3
   14  19   510    -1
   14  52  7832     0
   17  82  5352    -1
   21  36  4279     2
   23  42  3224    -1
   25  69  3790    -1
   26  32  1719    -1
   29  35   743     1
   37  56  1544    -1
   43  57  2116     1
   47  55  1834    -1
   47  64  1866    -1
   50  73  2594    -1
   51  61  1211    -1
   51  67  1993    -1
   51  67  2287     2
   55  71  2186     0
   62  75  1106    -1
   63  71  1937     1
   65  79  1596    -1
   65  81  1833    -1
   66  77  1225    -1
   68  80  1187    -1
   69  77  2422     2
End
