NMec = 98512
T = 33
P = 5
Profits not ignored
Solution time = 2.719e+00
Viable job selections = 383579496
Best total profit = 41347
Task data
    0  11  2028     0
    1  13  2289     1
    4  13  1575     2
    4  61  7059     3
   10  18  1556     4
   10  21  1227    -1
   11  15  1128    -1
   11  16   599    -1
   11  33  3291    -1
   11  61  3228    -1
   13  53  4241    -1
   16  24  1288     0
   17  38  2982     1
   18  24   599    -1
   18  29  2165    -1
   18  32  3497     2
   19  31  2059    -1
   19  31  2293    -1
   19  40  2061    -1
   23  30  1537    -1
   24  43  4846     4
   29  34   957    -1
   29  34   822    -1
   29  62  4711     0
   32  50  2458    -1
   34  46  1961    -1
   35  47  1929    -1
   35  63  5257     2
   37  50   872    -1
   39  52  3252     1
   39  56  2122    -1
   49  52  1007     4
   52  58   823    -1
End
