NMec = 98512
T = 33
P = 4
Profits ignored
Solution time = 7.636e-01
Maximum possible tasks = 18
Solutions = 871
Task data
    0  79     1    -1
    1   4     1     0
    2  27     1     1
    4  19     1     2
    7  13     1     0
    8  75     1    -1
   10  40     1    -1
   11  25     1     3
   11  80     1    -1
   14  19     1     0
   14  52     1    -1
   17  82     1    -1
   21  36     1     0
   23  42     1     2
   25  69     1    -1
   26  32     1     3
   29  35     1     1
   37  56     1    -1
   43  57     1    -1
   47  55     1    -1
   47  64     1     0
   50  73     1    -1
   51  61     1     1
   51  67     1     2
   51  67     1     3
   55  71     1    -1
   62  75     1    -1
   63  71     1    -1
   65  79     1    -1
   65  81     1     0
   66  77     1     1
   68  80     1     2
   69  77     1     3
End
