NMec = 98512
T = 33
P = 6
Profits ignored
Solution time = 1.083e+01
Maximum possible tasks = 21
Solutions = 12175
Task data
    3   9     1     0
    4  35     1    -1
    6  12     1    -1
    6  14     1    -1
    6  20     1    -1
    6  22     1    -1
    7  14     1     1
    8  16     1     2
    8  17     1     3
    8  20     1     4
    8  48     1    -1
    9  24     1     5
   12  24     1     0
   16  31     1    -1
   16  40     1    -1
   17  37     1    -1
   21  29     1     1
   22  34     1     2
   22  40     1    -1
   23  36     1     3
   23  47     1    -1
   24  35     1     4
   26  34     1     0
   27  40     1     5
   31  35     1     1
   35  37     1     0
   35  49     1    -1
   35  51     1     2
   38  49     1     0
   40  48     1     1
   40  51     1     3
   41  44     1     4
   42  50     1     5
End
