NMec = 98512
T = 33
P = 2
Profits not ignored
Solution time = 3.853e-01
Viable job selections = 67048030
Best total profit = 66242
Task data
    0   8  1417     0
    0 164 38393     1
    4  16  3319    -1
    9  52  6752    -1
   10  21  2345     0
   25  47  4465    -1
   31  54  5723     0
   39  50   904    -1
   39  52  1570    -1
   46  57  2293    -1
   46  57  2083    -1
   60  68   816    -1
   62  75  1898     0
   63  75  1367    -1
   64  69   884    -1
   64  74  1209    -1
   67  72  1352    -1
   67  85  3241    -1
   80  93  3384    -1
   81 103  4664     0
   90  96  1668    -1
   95 113  2661    -1
  104 109  1164     0
  106 118  2794    -1
  110 136  1483    -1
  111 135  6687     0
  123 131  2255    -1
  133 157  2065    -1
  138 139   279    -1
  138 152  3200     0
  145 151   788    -1
  150 156   778    -1
  157 163   751     0
End
