NMec = 98512
T = 33
P = 5
Profits ignored
Solution time = 3.677e+00
Maximum possible tasks = 19
Solutions = 4605
Task data
    0  11     1    -1
    1  13     1    -1
    4  13     1     0
    4  61     1    -1
   10  18     1     1
   10  21     1     2
   11  15     1     3
   11  16     1     4
   11  33     1    -1
   11  61     1    -1
   13  53     1    -1
   16  24     1     0
   17  38     1    -1
   18  24     1     3
   18  29     1    -1
   18  32     1    -1
   19  31     1     1
   19  31     1     4
   19  40     1    -1
   23  30     1     2
   24  43     1    -1
   29  34     1     0
   29  34     1     3
   29  62     1    -1
   32  50     1    -1
   34  46     1    -1
   35  47     1     0
   35  63     1     1
   37  50     1     2
   39  52     1     3
   39  56     1     4
   49  52     1     0
   52  58     1     2
End
