NMec = 98512
T = 33
P = 1
Profits not ignored
Solution time = 4.007e-02
Viable job selections = 6533532
Best total profit = 43432
Task data
   15  29  1257    -1
   21  28  1453     0
   27  48  2604    -1
   28  51  2330    -1
   35  40   644    -1
   35 215 30351     0
   55  64   675    -1
   64  73  2042    -1
   67 230 25524    -1
   87  96  1007    -1
   88  92  1338    -1
   90 106  1273    -1
   96 109  2036    -1
   98 112  2345    -1
  117 141  2958    -1
  133 146  1739    -1
  145 155  1582    -1
  170 179  2165    -1
  182 189  1352    -1
  184 192  2039    -1
  193 201  1450    -1
  205 212  1566    -1
  214 232  3393    -1
  216 231  1792     0
  229 235  1058    -1
  234 253  2620     0
  254 282  4483     0
  258 261   373    -1
  264 278  1623    -1
  270 285  2241    -1
  280 307  2538    -1
  287 311  1348     0
  316 327  1385     0
End
