NMec = 98512
T = 33
P = 3
Profits not ignored
Solution time = 1.295e+00
Viable job selections = 142281648
Best total profit = 54917
Task data
    9  32  6299     0
   10  33  5105     1
   10 100 19429     2
   12  34  2560    -1
   13  20  2321    -1
   13  34  2984    -1
   24  35  1959    -1
   25  64  5194    -1
   30  33   719    -1
   33  39   495     0
   36  48  2138     1
   39  57  1783    -1
   45  60  3947     0
   49  59  2192     1
   49  61  2207    -1
   50  59  1462    -1
   54  61   717    -1
   59  70  1639    -1
   60  83  5505     1
   63  85  4570     0
   64  67   655    -1
   64  78  1221    -1
   72  81  1809    -1
   75  89  1166    -1
   77  98  2944    -1
   78  85   842    -1
   82 103  2174    -1
   87 102  2786     0
   89 100   722    -1
   90 102  2451     1
   93 100  1420    -1
   95  99  1315    -1
   96 105  1399    -1
End
