NMec = 98512
T = 33
P = 6
Profits not ignored
Solution time = 1.052e+01
Viable job selections = 1570224244
Best total profit = 45733
Task data
    3   9   399     0
    4  35  6105     1
    6  12  1014    -1
    6  14  2038     2
    6  20  1317    -1
    6  22  1896     3
    7  14  1129    -1
    8  16  2166     4
    8  17   842    -1
    8  20  1147    -1
    8  48  3539    -1
    9  24  2593     5
   12  24  1997     0
   16  31  1209    -1
   16  40  2579    -1
   17  37  3358     2
   21  29  1212    -1
   22  34  2950     4
   22  40  1520    -1
   23  36  1757    -1
   23  47  5334     3
   24  35  2028    -1
   26  34  1947     0
   27  40  2015     5
   31  35   922    -1
   35  37   879     0
   35  49  1313    -1
   35  51  2730     4
   38  49  3034     0
   40  48  1509     1
   40  51  3360     2
   41  44   366    -1
   42  50  1423     5
End
