NMec = 98512
T = 33
P = 8
Profits not ignored
Solution time = 8.895e+00
Viable job selections = 1305367170
Best total profit = 39234
Task data
    0  11   960     0
    0  19  2329     1
    1  21  2043     2
    1  25  3824     3
    2  19  2702     4
    5  17  1244     5
    7  12   402     6
    7  28  2198    -1
    8  25  1825    -1
    9  25  4248     7
    9  30  2020    -1
   10  26  2681    -1
   12  18   916     0
   12  21   855    -1
   13  23   858    -1
   15  23   813    -1
   15  31  2320    -1
   15  39  5439     6
   17  22   654    -1
   17  25  1307    -1
   19  30  1851    -1
   21  32  2018     0
   22  32  1134    -1
   22  32  1997     1
   22  33  2028     2
   23  38  2882     4
   24  33  1032    -1
   24  35  1389    -1
   24  35  1498    -1
   24  36  2784     5
   24  38  1539    -1
   26  41  2697     3
   34  38   721     0
End
