NMec = 98512
T = 33
P = 2
Profits ignored
Solution time = 3.539e-01
Maximum possible tasks = 17
Solutions = 13950
Task data
    0   8     1     0
    0 164     1    -1
    4  16     1     1
    9  52     1    -1
   10  21     1     0
   25  47     1    -1
   31  54     1    -1
   39  50     1    -1
   39  52     1    -1
   46  57     1     0
   46  57     1     1
   60  68     1    -1
   62  75     1    -1
   63  75     1    -1
   64  69     1    -1
   64  74     1    -1
   67  72     1     0
   67  85     1     1
   80  93     1    -1
   81 103     1     0
   90  96     1     1
   95 113     1    -1
  104 109     1     0
  106 118     1     1
  110 136     1    -1
  111 135     1     0
  123 131     1     1
  133 157     1    -1
  138 139     1     0
  138 152     1    -1
  145 151     1     0
  150 156     1     1
  157 163     1     0
End
