NMec = 98512
T = 33
P = 3
Profits ignored
Solution time = 1.880e+00
Maximum possible tasks = 17
Solutions = 20181
Task data
    9  32     1     0
   10  33     1    -1
   10 100     1    -1
   12  34     1    -1
   13  20     1     1
   13  34     1    -1
   24  35     1     1
   25  64     1    -1
   30  33     1     2
   33  39     1     0
   36  48     1     1
   39  57     1     2
   45  60     1    -1
   49  59     1    -1
   49  61     1    -1
   50  59     1     0
   54  61     1     1
   59  70     1     2
   60  83     1    -1
   63  85     1    -1
   64  67     1     0
   64  78     1    -1
   72  81     1     0
   75  89     1     1
   77  98     1    -1
   78  85     1     2
   82 103     1    -1
   87 102     1    -1
   89 100     1    -1
   90 102     1    -1
   93 100     1     0
   95  99     1     1
   96 105     1     2
End
