NMec = 98512
T = 33
P = 8
Profits ignored
Solution time = 9.502e+00
Maximum possible tasks = 19
Solutions = 50175
Task data
    0  11     1     0
    0  19     1    -1
    1  21     1    -1
    1  25     1    -1
    2  19     1     1
    5  17     1     2
    7  12     1     3
    7  28     1    -1
    8  25     1    -1
    9  25     1    -1
    9  30     1    -1
   10  26     1    -1
   12  18     1     0
   12  21     1     4
   13  23     1     3
   15  23     1     5
   15  31     1    -1
   15  39     1    -1
   17  22     1     6
   17  25     1     7
   19  30     1    -1
   21  32     1    -1
   22  32     1    -1
   22  32     1    -1
   22  33     1     0
   23  38     1     1
   24  33     1     2
   24  35     1     3
   24  35     1     4
   24  36     1     5
   24  38     1     6
   26  41     1     7
   34  38     1     0
End
