NMec = 98512
T = 33
P = 1
Profits ignored
Solution time = 4.195e-02
Maximum possible tasks = 17
Solutions = 144
Task data
   15  29     1    -1
   21  28     1     0
   27  48     1    -1
   28  51     1    -1
   35  40     1     0
   35 215     1    -1
   55  64     1    -1
   64  73     1     0
   67 230     1    -1
   87  96     1    -1
   88  92     1     0
   90 106     1    -1
   96 109     1    -1
   98 112     1     0
  117 141     1     0
  133 146     1    -1
  145 155     1     0
  170 179     1     0
  182 189     1    -1
  184 192     1     0
  193 201     1     0
  205 212     1     0
  214 232     1    -1
  216 231     1     0
  229 235     1    -1
  234 253     1     0
  254 282     1    -1
  258 261     1     0
  264 278     1    -1
  270 285     1     0
  280 307     1    -1
  287 311     1     0
  316 327     1     0
End
