NMec = 98512
T = 34
P = 5
Profits ignored
Solution time = 4.537e+00
Maximum possible tasks = 20
Solutions = 444
Task data
    0   5     1     0
    1  63     1    -1
    2  22     1    -1
    3  18     1     1
    4   6     1     2
    4  13     1     3
    4  22     1    -1
    6  31     1    -1
    6  52     1    -1
    9  30     1     0
   11  24     1     2
   12  23     1     4
   13  55     1    -1
   16  21     1     3
   19  24     1     1
   22  65     1    -1
   27  43     1     1
   28  46     1     2
   29  38     1     3
   31  46     1     0
   33  51     1    -1
   36  59     1    -1
   37  52     1    -1
   38  48     1    -1
   38  57     1    -1
   41  52     1    -1
   41  57     1    -1
   43  50     1     3
   43  59     1     4
   47  52     1     0
   47  52     1     1
   47  57     1     2
   54  58     1     0
   56  65     1     1
End
