NMec = 98512
T = 34
P = 1
Profits ignored
Solution time = 1.943e-02
Maximum possible tasks = 14
Solutions = 224
Task data
    1 214     1    -1
    9 323     1    -1
   20  30     1     0
   24 148     1    -1
   31  48     1    -1
   42  50     1     0
   44  53     1    -1
   53  56     1     0
   60  68     1     0
   80  97     1    -1
   96 107     1     0
  105 128     1    -1
  109 117     1     0
  110 120     1    -1
  118 133     1     0
  175 195     1    -1
  177 185     1    -1
  178 196     1    -1
  179 192     1     0
  197 205     1     0
  205 230     1    -1
  208 216     1     0
  250 273     1    -1
  262 276     1     0
  286 296     1    -1
  289 301     1     0
  298 309     1    -1
  301 323     1    -1
  303 322     1     0
  307 324     1    -1
  313 327     1    -1
  313 331     1    -1
  322 328     1    -1
  324 328     1     0
End
