NMec = 98512
T = 34
P = 4
Profits not ignored
Solution time = 1.873e+00
Viable job selections = 294386936
Best total profit = 53640
Task data
    2  20  4250     0
    3  10   920     1
    4   7   800     2
    7  21  2747    -1
    9  35  5785     2
    9  75 13165     3
   10  34  3911    -1
   17  30  3109    -1
   19  35  4139     1
   21  27  1839     0
   21  34  2551    -1
   27  41  1961    -1
   33  53  2551     0
   34  75  6969    -1
   38  54  1366    -1
   38  61  5042     1
   39  58  3561     2
   41  58  2323    -1
   42  51  1386    -1
   45  62  3391    -1
   49  71  2740    -1
   51  58   886    -1
   51  60  2390    -1
   51  69  2843    -1
   54  56   562    -1
   55  59   500    -1
   55  68  2421    -1
   56  69  1467    -1
   56  70  2591     0
   63  73  1347    -1
   63  74  2757     1
   65  69   759    -1
   67  80  3239     2
   73  84  3001     0
End
