NMec = 98512
T = 34
P = 1
Profits not ignored
Solution time = 1.484e-02
Viable job selections = 1359566
Best total profit = 36815
Task data
    1 214 27336     0
    9 323 35080    -1
   20  30  1698    -1
   24 148 12832    -1
   31  48  3001    -1
   42  50  1891    -1
   44  53  1271    -1
   53  56   388    -1
   60  68   730    -1
   80  97  3767    -1
   96 107   973    -1
  105 128  4823    -1
  109 117  2089    -1
  110 120  1945    -1
  118 133  1948    -1
  175 195  2321    -1
  177 185  1156    -1
  178 196  1488    -1
  179 192  2102    -1
  197 205   540    -1
  205 230  3718    -1
  208 216  1167    -1
  250 273  2529    -1
  262 276  2783     0
  286 296  1210     0
  289 301  1975    -1
  298 309  2105     0
  301 323  4690    -1
  303 322  2908    -1
  307 324  2888    -1
  313 327  2727    -1
  313 331  3381     0
  322 328  1651    -1
  324 328   485    -1
End
