NMec = 98512
T = 34
P = 6
Profits not ignored
Solution time = 7.435e+00
Viable job selections = 1149584248
Best total profit = 47379
Task data
    3  21  3143     0
    5   8   285     1
    5  16  1797     2
    5  22  2912     3
    8  16  1124    -1
    8  25  1773    -1
    9  52  5729     1
   10  19  1210    -1
   12  28  4736     4
   13  41  2513    -1
   14  32  3565     5
   17  34  1617    -1
   17  41  2165    -1
   19  39  5507     2
   20  43  2692    -1
   20  56  3672    -1
   23  34  2321     0
   23  39  2513    -1
   23  42  2625    -1
   24  47  4245     3
   25  35  1754    -1
   26  41  2439    -1
   27  53  3021    -1
   29  39  2242     4
   30  41  2095    -1
   33  44  1318     5
   35  53  2090     0
   36  38   242    -1
   39  52  1743    -1
   40  48   907    -1
   41  55  1998     2
   44  52  2497     4
   45  53  2344     5
   51  56   650     3
End
