NMec = 98512
T = 34
P = 4
Profits ignored
Solution time = 3.099e+00
Maximum possible tasks = 19
Solutions = 1470
Task data
    2  20     1     0
    3  10     1     1
    4   7     1     2
    7  21     1     3
    9  35     1    -1
    9  75     1    -1
   10  34     1    -1
   17  30     1    -1
   19  35     1     1
   21  27     1     0
   21  34     1     2
   27  41     1     3
   33  53     1    -1
   34  75     1    -1
   38  54     1     0
   38  61     1    -1
   39  58     1    -1
   41  58     1    -1
   42  51     1     1
   45  62     1    -1
   49  71     1    -1
   51  58     1     2
   51  60     1     3
   51  69     1    -1
   54  56     1     1
   55  59     1     0
   55  68     1    -1
   56  69     1    -1
   56  70     1    -1
   63  73     1     0
   63  74     1     1
   65  69     1     2
   67  80     1     3
   73  84     1     2
End
