NMec = 98512
T = 34
P = 8
Profits not ignored
Solution time = 2.802e+01
Viable job selections = 4082637773
Best total profit = 46562
Task data
    1  13  1412     0
    3   8   831     1
    3  12   962     2
    3  12  1046     3
    3  16  3215     4
    3  18  2677     5
    3  24  2438     6
    4  16  3133     7
    5  21  2133    -1
    5  28  2970    -1
    8  33  4240    -1
   10  16  1621     1
   10  17  1246    -1
   10  24  1119    -1
   13  25  2940     2
   14  27  2733    -1
   14  29  3393     0
   15  19  1265     3
   15  33  2184    -1
   15  38  3190    -1
   16  27  1535    -1
   17  26  1074     1
   17  35  1438    -1
   18  32  2591     4
   18  38  3230     7
   19  25   820    -1
   23  31  2451     3
   23  36  1830    -1
   23  42  4739     5
   25  39  2336     6
   27  41  2581     1
   27  41   963     2
   32  40   712     0
   33  38   952     3
End
