NMec = 98512
T = 34
P = 2
Profits ignored
Solution time = 4.750e-01
Maximum possible tasks = 19
Solutions = 448
Task data
    3  17     1     0
   18  24     1     0
   20  30     1    -1
   21  35     1     1
   21  37     1    -1
   22  49     1    -1
   29  39     1    -1
   30  41     1     0
   30  48     1    -1
   35 109     1    -1
   37  43     1     1
   37  52     1    -1
   42  52     1     0
   52  54     1     1
   57  76     1    -1
   59  71     1    -1
   66  77     1     0
   69  86     1     1
   73  94     1    -1
   84  90     1     0
   84  93     1    -1
   88 109     1    -1
   92 100     1     0
   93 103     1     1
  102 108     1     0
  108 119     1    -1
  109 117     1     0
  109 117     1     1
  109 128     1    -1
  118 131     1    -1
  118 137     1     0
  126 133     1     1
  134 152     1     1
  152 169     1     0
End
