NMec = 98512
T = 34
P = 3
Profits ignored
Solution time = 2.459e-01
Maximum possible tasks = 17
Solutions = 420
Task data
    1  70     1    -1
    3  12     1     0
    3  18     1    -1
    6 103     1    -1
    7  20     1     1
    8  24     1    -1
   13  27     1    -1
   16  35     1     0
   16  62     1    -1
   18  23     1     2
   22  47     1     1
   26 112     1    -1
   29  54     1    -1
   31  43     1     2
   31  54     1    -1
   31 104     1    -1
   35  54     1    -1
   37  55     1    -1
   38  43     1     0
   40  76     1    -1
   42  63     1    -1
   46  57     1    -1
   48  65     1     0
   49  62     1     1
   52  60     1     2
   69  85     1    -1
   69  91     1    -1
   71  86     1     0
   73  84     1     1
   74  91     1     2
   88 103     1     0
   89  99     1     1
  100 101     1     1
  102 112     1     1
End
