NMec = 98512
T = 34
P = 8
Profits ignored
Solution time = 2.736e+01
Maximum possible tasks = 22
Solutions = 15668
Task data
    1  13     1    -1
    3   8     1     0
    3  12     1    -1
    3  12     1     1
    3  16     1     2
    3  18     1     3
    3  24     1    -1
    4  16     1     4
    5  21     1     5
    5  28     1    -1
    8  33     1    -1
   10  16     1     0
   10  17     1     6
   10  24     1     7
   13  25     1    -1
   14  27     1    -1
   14  29     1    -1
   15  19     1     1
   15  33     1    -1
   15  38     1    -1
   16  27     1    -1
   17  26     1     0
   17  35     1    -1
   18  32     1     2
   18  38     1     4
   19  25     1     3
   23  31     1     1
   23  36     1     5
   23  42     1     6
   25  39     1     7
   27  41     1     0
   27  41     1     3
   32  40     1     1
   33  38     1     2
End
