NMec = 98512
T = 34
P = 3
Profits not ignored
Solution time = 2.219e-01
Viable job selections = 40013607
Best total profit = 48831
Task data
    1  70  5834    -1
    3  12  1508     0
    3  18  2716    -1
    6 103 13970     1
    7  20  3462     2
    8  24  2291    -1
   13  27  2876     0
   16  35  2571    -1
   16  62  3551    -1
   18  23  1183    -1
   22  47  4157    -1
   26 112 13271     2
   29  54  3539    -1
   31  43  3035     0
   31  54  3656    -1
   31 104  7770    -1
   35  54  2561    -1
   37  55  1250    -1
   38  43   550    -1
   40  76  3935    -1
   42  63  2132    -1
   46  57  1844    -1
   48  65  3152    -1
   49  62  3746     0
   52  60   688    -1
   69  85  3905     0
   69  91  3700    -1
   71  86  1121    -1
   73  84   980    -1
   74  91  2143    -1
   88 103  1637    -1
   89  99  1561     0
  100 101   425     0
  102 112  1072     0
End
