NMec = 98512
T = 34
P = 7
Profits not ignored
Solution time = 2.421e+01
Viable job selections = 4089448590
Best total profit = 48439
Task data
    0   8   885     0
    0  13  1284     1
    0  14  1175     2
    0  36  4904    -1
    0  45  4107    -1
    1   6  1205     3
    2  21  4308     4
    5  13   962     5
    6   9   823     6
    7  21  2161    -1
    9  14   773    -1
   10  30  3461     0
   11  44  4864     3
   12  19  1125     6
   14  24  1873    -1
   17  26  2489     1
   17  38  6057     2
   18  26  1768    -1
   18  40  5520     5
   20  33  1901    -1
   20  34  1823    -1
   20  36  1721    -1
   21  22   296    -1
   21  33  2206     6
   22  35  1799    -1
   23  36  3227     4
   27  36  1085    -1
   29  36   823    -1
   29  42  2558     1
   32  42  1411     0
   35  44   839    -1
   35  47  1561     6
   39  48  2683     2
   43  47   635     0
End
