NMec = 98512
T = 34
P = 7
Profits ignored
Solution time = 2.377e+01
Maximum possible tasks = 24
Solutions = 285
Task data
    0   8     1     0
    0  13     1     1
    0  14     1     2
    0  36     1    -1
    0  45     1    -1
    1   6     1     3
    2  21     1    -1
    5  13     1     4
    6   9     1     5
    7  21     1    -1
    9  14     1     0
   10  30     1     3
   11  44     1    -1
   12  19     1     5
   14  24     1     1
   17  26     1     0
   17  38     1    -1
   18  26     1     2
   18  40     1    -1
   20  33     1    -1
   20  34     1     4
   20  36     1    -1
   21  22     1     5
   21  33     1     6
   22  35     1    -1
   23  36     1     5
   27  36     1     0
   29  36     1     1
   29  42     1     2
   32  42     1     3
   35  44     1     4
   35  47     1     6
   39  48     1     0
   43  47     1     1
End
