NMec = 98512
T = 34
P = 2
Profits not ignored
Solution time = 4.867e-01
Viable job selections = 91718016
Best total profit = 42550
Task data
    3  17  2336     0
   18  24  1728     0
   20  30  1222    -1
   21  35  2487    -1
   21  37  2097    -1
   22  49  5031     1
   29  39  1427    -1
   30  41  2963     0
   30  48  1829    -1
   35 109 10749    -1
   37  43   946    -1
   37  52  1566    -1
   42  52  1672     0
   52  54   669     1
   57  76  2407     0
   59  71  1695    -1
   66  77  1706    -1
   69  86  2032     1
   73  94  1960    -1
   84  90  1888     0
   84  93   918    -1
   88 109  4810     1
   92 100  1015    -1
   93 103  2593     0
  102 108   656    -1
  108 119  2671    -1
  109 117   856    -1
  109 117  2081     0
  109 128  1294    -1
  118 131  2449     0
  118 137  3714     1
  126 133   991    -1
  134 152  4139     0
  152 169  2038     1
End
