NMec = 98512
T = 34
P = 6
Profits ignored
Solution time = 7.922e+00
Maximum possible tasks = 21
Solutions = 1317
Task data
    3  21     1    -1
    5   8     1     0
    5  16     1    -1
    5  22     1     1
    8  16     1     2
    8  25     1     3
    9  52     1    -1
   10  19     1     0
   12  28     1     4
   13  41     1    -1
   14  32     1     5
   17  34     1    -1
   17  41     1    -1
   19  39     1    -1
   20  43     1    -1
   20  56     1    -1
   23  34     1     0
   23  39     1     1
   23  42     1    -1
   24  47     1    -1
   25  35     1     2
   26  41     1    -1
   27  53     1    -1
   29  39     1     3
   30  41     1     4
   33  44     1     5
   35  53     1     0
   36  38     1     2
   39  52     1     2
   40  48     1     1
   41  55     1     3
   44  52     1     4
   45  53     1     5
   51  56     1     1
End
