NMec = 98512
T = 35
P = 6
Profits not ignored
Solution time = 2.455e+01
Viable job selections = 2614203762
Best total profit = 45749
Task data
    3  14  3089     0
    6  11   795     1
    6  19  1765     2
    7  21  2164     3
    7  58  6378    -1
    8  53  5545    -1
   10  36  4205     4
   12  13   340     1
   13  16  1107    -1
   14  46  4990     1
   14  52  6714     5
   19  28  1546     0
   22  25   498     2
   22  39  2286     3
   24  27   613    -1
   24  33  1037    -1
   25  32  1108    -1
   27  51  4342     2
   29  35  1233    -1
   29  44  2842     0
   29  48  1227    -1
   31  40   742    -1
   31  48  1400    -1
   32  58  2878    -1
   37  51  2383    -1
   37  54  1858    -1
   39  51   958    -1
   40  41   355     3
   40  52  2868     4
   46  49   365    -1
   46  54  2289     0
   46  55  2330     3
   47  51   536    -1
   47  51  1003    -1
   47  58  2331     1
End
