NMec = 98512
T = 35
P = 5
Profits ignored
Solution time = 4.025e+00
Maximum possible tasks = 17
Solutions = 201450
Task data
    1  68     1    -1
    2  12     1     0
    2  20     1    -1
    2  22     1    -1
    7  15     1     1
    7  26     1    -1
    7  59     1    -1
    9  14     1     2
    9  26     1    -1
   11  21     1    -1
   12  23     1    -1
   15  24     1    -1
   15  33     1    -1
   15  37     1    -1
   16  22     1     0
   17  31     1    -1
   18  25     1    -1
   18  25     1     1
   18  36     1     2
   19  36     1     3
   20  29     1     4
   25  41     1     0
   31  49     1    -1
   33  49     1    -1
   34  45     1     1
   34  52     1    -1
   35  47     1    -1
   38  47     1    -1
   40  52     1     2
   40  54     1     3
   44  46     1     0
   45  65     1     4
   46  51     1     1
   49  57     1     0
   58  63     1     0
End
