NMec = 98512
T = 35
P = 6
Profits ignored
Solution time = 2.511e+01
Maximum possible tasks = 22
Solutions = 1470
Task data
    3  14     1     0
    6  11     1     1
    6  19     1     2
    7  21     1     3
    7  58     1    -1
    8  53     1    -1
   10  36     1    -1
   12  13     1     1
   13  16     1     4
   14  46     1    -1
   14  52     1    -1
   19  28     1     0
   22  25     1     1
   22  39     1     2
   24  27     1     3
   24  33     1     4
   25  32     1     5
   27  51     1    -1
   29  35     1     0
   29  44     1     1
   29  48     1    -1
   31  40     1     3
   31  48     1    -1
   32  58     1    -1
   37  51     1    -1
   37  54     1    -1
   39  51     1    -1
   40  41     1     0
   40  52     1    -1
   46  49     1     0
   46  54     1     1
   46  55     1     2
   47  51     1     3
   47  51     1     4
   47  58     1     5
End
