NMec = 98512
T = 35
P = 5
Profits not ignored
Solution time = 3.679e+00
Viable job selections = 590794046
Best total profit = 40751
Task data
    1  68  6323     0
    2  12  1517     1
    2  20  2289    -1
    2  22  4980     2
    7  15  1449     3
    7  26  2341    -1
    7  59  5651    -1
    9  14   808     4
    9  26  2332    -1
   11  21  1204    -1
   12  23  2518    -1
   15  24  1906    -1
   15  33  1975    -1
   15  37  3365     1
   16  22  1389    -1
   17  31  2742     3
   18  25  1541    -1
   18  25  1179    -1
   18  36  2902     4
   19  36  2322    -1
   20  29  1576    -1
   25  41  3620     2
   31  49  1771    -1
   33  49  3669    -1
   34  45   851    -1
   34  52  2443    -1
   35  47  2423     3
   38  47  1015    -1
   40  52  2977     1
   40  54  3088     4
   44  46   478    -1
   45  65  1737     2
   46  51   622    -1
   49  57  1264     3
   58  63  1556     1
End
