NMec = 98512
T = 35
P = 2
Profits not ignored
Solution time = 2.480e-01
Viable job selections = 40934960
Best total profit = 39590
Task data
   27  99  7142     0
   28  34   889     1
   37 168 13343    -1
   44 122 12743     1
   52  63  1451    -1
   54  58   609    -1
   61  76  4101    -1
   69  87  2654    -1
   70  85  1885    -1
   71  76   617    -1
   82  89   643    -1
   89 101  1539    -1
   91  99  1415    -1
   93 107  1010    -1
   97 104   780    -1
   99 116  2881    -1
  100 117  2038    -1
  100 117  2496    -1
  101 124  4237     0
  102 112   803    -1
  104 113  1390    -1
  112 122  2820    -1
  117 127  2384    -1
  122 143  3549    -1
  128 135  1808    -1
  130 135   445    -1
  131 146  3561     0
  132 149  4497     1
  135 148  2424    -1
  139 141   337    -1
  140 149   999    -1
  146 150   501    -1
  152 167  3665     0
  156 166  1281    -1
  156 170  2856     1
End
