NMec = 98512
T = 35
P = 8
Profits ignored
Solution time = 5.119e+01
Maximum possible tasks = 22
Solutions = 212677
Task data
    0   6     1     0
    0  37     1    -1
    1  10     1     1
    1  19     1    -1
    1  31     1    -1
    2  27     1    -1
    4  18     1    -1
    5  22     1    -1
    6  10     1     2
    6  15     1     3
    6  33     1    -1
    7  14     1     0
    7  28     1    -1
    8  29     1     4
    8  34     1    -1
    9  28     1     5
   10  17     1     6
   11  24     1     1
   12  21     1     2
   14  22     1     7
   20  30     1    -1
   20  30     1    -1
   22  41     1    -1
   24  38     1    -1
   25  35     1     0
   25  37     1     1
   27  31     1     2
   28  35     1     3
   28  35     1     6
   28  41     1     7
   29  30     1     5
   30  33     1     4
   31  38     1     5
   33  43     1     2
   41  42     1     0
End
