NMec = 98512
T = 35
P = 4
Profits ignored
Solution time = 6.228e+00
Maximum possible tasks = 20
Solutions = 1095
Task data
    6  26     1    -1
    7  15     1     0
   10  26     1    -1
   13  24     1    -1
   14  31     1    -1
   15  29     1     1
   16  25     1     0
   18  22     1     2
   22  29     1     3
   22  48     1    -1
   23  56     1    -1
   24  41     1     2
   26  46     1    -1
   26  48     1    -1
   27  49     1    -1
   30  54     1    -1
   34  35     1     0
   34  51     1     1
   34  70     1    -1
   37  39     1     0
   37  54     1     3
   42  78     1    -1
   43  53     1     0
   46  57     1     2
   52  56     1     1
   54  69     1     0
   54  79     1    -1
   55  70     1     3
   62  71     1     1
   67  82     1    -1
   67  87     1    -1
   69  83     1     2
   71  85     1     0
   73  84     1     1
   78  81     1     3
End
