NMec = 98512
T = 35
P = 7
Profits not ignored
Solution time = 1.410e+01
Viable job selections = 1928109216
Best total profit = 45810
Task data
    0   4  1114     0
    1  11  1178     1
    1  49  5975     2
    2   6   737     3
    2  15  2618     4
    2  18  3235     5
    8  48  3900    -1
   10  30  1360    -1
   10  33  3645     0
   11  19   858    -1
   11  21  1806     3
   13  19  1165     1
   14  18  1026     6
   16  36  3881     4
   17  34  2067    -1
   19  35  1544    -1
   20  34  1323    -1
   20  44  5064     1
   22  28   772    -1
   23  40  1627    -1
   24  32  2259    -1
   25  45  3493     3
   27  35  1940    -1
   27  39  2682    -1
   27  48  1950    -1
   27  49  2882    -1
   28  45  3155    -1
   28  46  3726     5
   28  49  4958     6
   30  38  1237    -1
   30  39  1207    -1
   32  44  1247    -1
   35  42  1271     0
   35  44   787    -1
   39  46   918     4
End
