NMec = 98512
T = 35
P = 4
Profits not ignored
Solution time = 6.193e+00
Viable job selections = 913411861
Best total profit = 44453
Task data
    6  26  2638     0
    7  15  1245     1
   10  26  1360    -1
   13  24   952    -1
   14  31  1494     2
   15  29  3187     3
   16  25   906    -1
   18  22   649     1
   22  29  1397    -1
   22  48  2818    -1
   23  56  4152    -1
   24  41  3055     1
   26  46  2527    -1
   26  48  2174    -1
   27  49  4986     0
   30  54  2971    -1
   34  35   172    -1
   34  51  3653     2
   34  70  7240     3
   37  39   336    -1
   37  54  3280    -1
   42  78  4485    -1
   43  53  2835     1
   46  57   986    -1
   52  56   735     0
   54  69  2104     1
   54  79  3807     2
   55  70  1165    -1
   62  71  1109    -1
   67  82  3009     0
   67  87  1579    -1
   69  83  2790    -1
   71  85  1389     1
   73  84  2427     3
   78  81   542    -1
End
