NMec = 98512
T = 35
P = 1
Profits not ignored
Solution time = 2.893e-02
Viable job selections = 4099896
Best total profit = 43743
Task data
   17  25  1529     0
   29  35   915    -1
   35  49  2271     0
   50  72  2066     0
   71  72   265    -1
   71  83  1012    -1
   73  86  1363    -1
   74  95  3832     0
   93 109  1688    -1
  103 120  1911     0
  108 111   574    -1
  128 147  4994     0
  148 168  3153     0
  162 190  6992    -1
  163 169   681    -1
  174 181  1148     0
  182 204  4797    -1
  185 325 20758     0
  185 336 17996    -1
  192 203  2567    -1
  193 207  2220    -1
  196 209  2347    -1
  200 206   852    -1
  201 213  1621    -1
  228 251  3519    -1
  231 238  1332    -1
  278 283   485    -1
  287 302  1322    -1
  287 303  2187    -1
  290 291   216    -1
  296 308  1874    -1
  301 315  1886    -1
  306 323  1926    -1
  321 331  1971    -1
  329 346  2081     0
End
