NMec = 98512
T = 35
P = 3
Profits not ignored
Solution time = 2.105e+01
Viable job selections = 3538938144
Best total profit = 50784
Task data
    0   5   957     0
    0  14  2705     1
    3   6  1010     2
    3  18  1185    -1
    4  17  1604    -1
    8  18  1513    -1
    8  22  2354     0
    9  19  1233    -1
   13  23  1571     2
   20  32  1336     1
   23  40  2060     0
   28  36  1203     2
   34  43  1825     1
   35  39   581    -1
   40  45   645    -1
   43  55  2386     0
   43  67  5091     2
   44  64  3876     1
   45  55  1768    -1
   46  52  1478    -1
   57  75  1875    -1
   59  65  1136    -1
   61  86  5101     0
   63  73  1310    -1
   74  79  1234     1
   74  81   938    -1
   74  92  5037     2
   75 102  4518    -1
   79  88   963    -1
   84 104  3754     1
   87  93   724     0
   90 100  1062    -1
   94 112  3984     0
   95 115  4576     2
  102 109  1149    -1
End
