NMec = 98512
T = 35
P = 7
Profits ignored
Solution time = 1.469e+01
Maximum possible tasks = 21
Solutions = 1145
Task data
    0   4     1     0
    1  11     1     1
    1  49     1    -1
    2   6     1     2
    2  15     1     3
    2  18     1     4
    8  48     1    -1
   10  30     1     0
   10  33     1    -1
   11  19     1     2
   11  21     1     5
   13  19     1     1
   14  18     1     6
   16  36     1    -1
   17  34     1    -1
   19  35     1    -1
   20  34     1     1
   20  44     1    -1
   22  28     1     2
   23  40     1    -1
   24  32     1     3
   25  45     1    -1
   27  35     1    -1
   27  39     1    -1
   27  48     1    -1
   27  49     1    -1
   28  45     1    -1
   28  46     1     4
   28  49     1     5
   30  38     1     2
   30  39     1     6
   32  44     1     0
   35  42     1     1
   35  44     1     3
   39  46     1     2
End
