NMec = 98512
T = 35
P = 1
Profits ignored
Solution time = 3.569e-02
Maximum possible tasks = 14
Solutions = 3360
Task data
   17  25     1     0
   29  35     1    -1
   35  49     1     0
   50  72     1    -1
   71  72     1     0
   71  83     1    -1
   73  86     1    -1
   74  95     1     0
   93 109     1    -1
  103 120     1    -1
  108 111     1     0
  128 147     1     0
  148 168     1    -1
  162 190     1    -1
  163 169     1     0
  174 181     1     0
  182 204     1    -1
  185 325     1    -1
  185 336     1    -1
  192 203     1    -1
  193 207     1    -1
  196 209     1    -1
  200 206     1    -1
  201 213     1     0
  228 251     1    -1
  231 238     1     0
  278 283     1     0
  287 302     1    -1
  287 303     1    -1
  290 291     1     0
  296 308     1    -1
  301 315     1    -1
  306 323     1     0
  321 331     1    -1
  329 346     1     0
End
