NMec = 98512
T = 35
P = 8
Profits not ignored
Solution time = 5.238e+01
Viable job selections = 8879599972
Best total profit = 49215
Task data
    0   6   800     0
    0  37  2200    -1
    1  10  1257     1
    1  19  2957     2
    1  31  4718     3
    2  27  3601     4
    4  18  1595    -1
    5  22  2821     5
    6  10   674    -1
    6  15   857    -1
    6  33  7267     6
    7  14   646    -1
    7  28  5510     0
    8  29  2344    -1
    8  34  2646    -1
    9  28  4098     7
   10  17   786    -1
   11  24  3504     1
   12  21   616    -1
   14  22  1241    -1
   20  30  1683    -1
   20  30  1208    -1
   22  41  1990     2
   24  38  1822    -1
   25  35  2072     1
   25  37  3219     5
   27  31  1060    -1
   28  35   905    -1
   28  35  1273    -1
   28  41  1566     4
   29  30   399     0
   30  33   659     7
   31  38   802     0
   33  43  1495     3
   41  42   480     0
End
