NMec = 98512
T = 36
P = 7
Profits ignored
Solution time = 4.452e+01
Maximum possible tasks = 22
Solutions = 57951
Task data
    0  33     1    -1
    1  43     1    -1
    1  51     1    -1
    2  14     1     0
    2  51     1    -1
    3  19     1     1
    4  12     1     2
    4  24     1    -1
    6  29     1    -1
    7  10     1     3
   12  30     1    -1
   13  14     1     2
   13  35     1    -1
   14  26     1     3
   15  24     1     0
   16  35     1     2
   20  31     1     1
   20  34     1     4
   21  23     1     5
   21  43     1    -1
   22  32     1     6
   23  44     1    -1
   24  29     1     5
   26  47     1    -1
   30  37     1    -1
   31  40     1    -1
   31  40     1    -1
   31  47     1     0
   32  41     1     1
   33  46     1     3
   35  38     1     4
   35  40     1     5
   35  45     1     6
   37  51     1     2
   43  49     1     1
   48  51     1     0
End
