NMec = 98512
T = 36
P = 6
Profits ignored
Solution time = 2.531e+01
Maximum possible tasks = 22
Solutions = 8110
Task data
    0  59     1    -1
    1   6     1     0
    1  13     1     1
    1  16     1    -1
    1  22     1    -1
    2  19     1    -1
    3  10     1     2
    3  58     1    -1
    4  18     1     3
    5  21     1     4
    9  18     1     0
   11  23     1     2
   11  45     1    -1
   12  29     1     5
   13  55     1    -1
   15  29     1     1
   15  36     1    -1
   17  35     1    -1
   17  41     1    -1
   18  36     1    -1
   19  38     1    -1
   20  22     1     0
   25  40     1    -1
   25  45     1    -1
   27  35     1     0
   28  35     1     2
   30  39     1     1
   31  50     1     3
   34  39     1     4
   34  44     1     5
   37  57     1     0
   46  54     1     1
   47  56     1     2
   49  58     1     4
   50  55     1     5
   53  58     1     3
End
