NMec = 98512
T = 36
P = 4
Profits ignored
Solution time = 1.528e+01
Maximum possible tasks = 23
Solutions = 591
Task data
    0  49     1    -1
    1  15     1     0
    5  25     1    -1
    6  10     1     1
    7  22     1     2
    7  26     1     3
   15  19     1     1
   16  84     1    -1
   17  24     1     0
   22  27     1     1
   26  47     1    -1
   26  48     1    -1
   27  39     1    -1
   27  44     1    -1
   28  38     1     0
   29  38     1     1
   36  44     1     2
   36  48     1    -1
   37  46     1    -1
   38  54     1     3
   39  48     1     0
   40  46     1     1
   41  61     1    -1
   45  57     1    -1
   46  56     1     2
   47  58     1     1
   54  63     1    -1
   55  60     1     0
   56  64     1     3
   56  72     1    -1
   59  70     1     1
   60  67     1     2
   63  74     1     0
   66  76     1     3
   70  78     1     2
   71  78     1     1
End
