NMec = 98512
T = 36
P = 4
Profits not ignored
Solution time = 1.514e+01
Viable job selections = 2523733029
Best total profit = 43855
Task data
    0  49  6334     0
    1  15  2105     1
    5  25  2934     2
    6  10   474    -1
    7  22  2149    -1
    7  26  2483     3
   15  19  1154    -1
   16  84  4340    -1
   17  24   932     1
   22  27   609    -1
   26  47  6163     1
   26  48  1684    -1
   27  39  1589    -1
   27  44  3839     2
   28  38  2086     3
   29  38  1759    -1
   36  44   660    -1
   36  48  2625    -1
   37  46   995    -1
   38  54  1563    -1
   39  48  1058    -1
   40  46  1171     3
   41  61  1740    -1
   45  57  1369    -1
   46  56  1480     2
   47  58  1580     3
   54  63  2037     0
   55  60   507    -1
   56  64  2390     1
   56  72  1447    -1
   59  70  1901     2
   60  67  1882     3
   63  74   979    -1
   66  76  1760     0
   70  78  1572     1
   71  78  1206     2
End
