NMec = 98512
T = 36
P = 5
Profits not ignored
Solution time = 2.994e+01
Viable job selections = 3914481744
Best total profit = 55822
Task data
    0  20  1219    -1
    1   5   605     0
    1  15  2589     1
    2   7   855     2
    3   9  1133     3
    4  25  5679     4
    6  23  2347     0
    6  61  5156    -1
    8  23  1318    -1
   11  22  2476     2
   13  19  1053    -1
   13  21  1795    -1
   14  22  1124    -1
   14  33  4032     3
   17  33  2276    -1
   19  42  5422     1
   19  67  4228    -1
   21  42  3378    -1
   21  67  5156    -1
   23  41  5220     2
   24  38  2534     0
   25  47  3543    -1
   27  33  1247    -1
   30  56  6947     4
   36  44   903    -1
   37  44  1793     3
   38  48  1066    -1
   40  60  3905     0
   43  62  4362     1
   46  53   986     2
   49  59  1116    -1
   51  66  2045     3
   53  62  1154    -1
   54  63  1519     2
   56  61  1160    -1
   57  68  1373     4
End
