NMec = 98512
T = 36
P = 5
Profits ignored
Solution time = 3.102e+01
Maximum possible tasks = 21
Solutions = 66285
Task data
    0  20     1    -1
    1   5     1     0
    1  15     1     1
    2   7     1     2
    3   9     1     3
    4  25     1    -1
    6  23     1    -1
    6  61     1    -1
    8  23     1    -1
   11  22     1    -1
   13  19     1     0
   13  21     1     2
   14  22     1     3
   14  33     1     4
   17  33     1     1
   19  42     1    -1
   19  67     1    -1
   21  42     1    -1
   21  67     1    -1
   23  41     1    -1
   24  38     1    -1
   25  47     1     0
   27  33     1     2
   30  56     1     3
   36  44     1     1
   37  44     1     2
   38  48     1     4
   40  60     1    -1
   43  62     1    -1
   46  53     1     1
   49  59     1    -1
   51  66     1     0
   53  62     1     2
   54  63     1     1
   56  61     1     4
   57  68     1     3
End
