NMec = 98512
T = 36
P = 8
Profits ignored
Solution time = 9.064e+01
Maximum possible tasks = 24
Solutions = 644
Task data
    3   9     1     0
    3  13     1     1
    3  16     1     2
    3  42     1    -1
    4   9     1     3
    4  24     1    -1
    5  39     1    -1
    7  19     1    -1
    8  21     1    -1
    8  23     1     4
    9  19     1     5
    9  21     1     6
    9  27     1    -1
   10  20     1     0
   10  24     1     3
   10  30     1    -1
   11  19     1     7
   11  29     1    -1
   13  40     1    -1
   14  42     1    -1
   15  27     1     1
   17  23     1     2
   20  36     1    -1
   20  44     1    -1
   21  31     1     0
   22  28     1     5
   23  38     1     6
   24  32     1     2
   26  39     1     3
   26  41     1     4
   27  40     1     7
   28  40     1     1
   29  34     1     5
   32  42     1     0
   35  42     1     2
   36  38     1     5
End
