NMec = 98512
T = 36
P = 7
Profits not ignored
Solution time = 4.667e+01
Viable job selections = 7597962346
Best total profit = 54674
Task data
    0  33  7690     0
    1  43  3625    -1
    1  51  7442     1
    2  14  2601     2
    2  51  8691     3
    3  19  1754     4
    4  12  1043    -1
    4  24  3631     5
    6  29  3904     6
    7  10   518    -1
   12  30  3184    -1
   13  14   265    -1
   13  35  1879    -1
   14  26  2042    -1
   15  24   996    -1
   16  35  3331     2
   20  31  1220    -1
   20  34  1016    -1
   21  23   368    -1
   21  43  5894     4
   22  32  1468    -1
   23  44  2555    -1
   24  29  1487    -1
   26  47  2684     5
   30  37  1150    -1
   31  40  2298     6
   31  40  1914    -1
   31  47  1792    -1
   32  41   776    -1
   33  46  1300    -1
   35  38   994    -1
   35  40   737    -1
   35  45  1694     0
   37  51  1856     2
   43  49   806     6
   48  51   398     0
End
