NMec = 98512
T = 36
P = 8
Profits not ignored
Solution time = 9.361e+01
Viable job selections = 12748886379
Best total profit = 50268
Task data
    3   9   873     0
    3  13  1402    -1
    3  16  2818     1
    3  42  4237    -1
    4   9   723     2
    4  24  2580    -1
    5  39  6007     3
    7  19  2177     4
    8  21  2871     5
    8  23  1642    -1
    9  19   917    -1
    9  21  2563     6
    9  27  2034    -1
   10  20  1478    -1
   10  24  2990    -1
   10  30  2560    -1
   11  19  1736     0
   11  29  4218     2
   13  40  5167     7
   14  42  2410    -1
   15  27  1713    -1
   17  23   598     1
   20  36  4318     0
   20  44  5911     4
   21  31  1152    -1
   22  28   992     5
   23  38  2949     6
   24  32  1859     1
   26  39  1496    -1
   26  41  1497    -1
   27  40  1437    -1
   28  40  1267    -1
   29  34   789     5
   32  42  1867     2
   35  42  1177     1
   36  38   655     5
End
