NMec = 98512
T = 36
P = 3
Profits not ignored
Solution time = 5.785e+00
Viable job selections = 820262152
Best total profit = 52634
Task data
    2  20  3741     0
    3  10   844    -1
    4  20  3908     1
    4  23  3622     2
   12  33  2531    -1
   13  31  1818    -1
   22  32  1290     0
   22  33  2240     1
   31  43  1325     2
   35  42  1268    -1
   36  94  7357    -1
   37  52  4265     0
   39  46  1322    -1
   39  54  3587     1
   40  51  1632    -1
   46  60  2006     2
   47  87  3615    -1
   50  65  1824    -1
   57  73  3219     0
   58  75  2136    -1
   61  77  2904    -1
   61  77  1726    -1
   61 110  7022     1
   62  83  5144     2
   68  83  1705    -1
   72  95  3775    -1
   77  96  3714     0
   81 101  2677    -1
   91 101  1567    -1
   93  95   792     2
   93 109  1568    -1
   96 108   753    -1
   98 114  4345     0
   99 106  1119    -1
   99 107  2414     2
  102 117  1002    -1
End
