NMec = 98512
T = 36
P = 2
Profits not ignored
Solution time = 1.807e+00
Viable job selections = 321450234
Best total profit = 54830
Task data
   13  82  5244    -1
   14  25  2294    -1
   16  36  4875     0
   19  21   348    -1
   19 152 26938     1
   27  30   977    -1
   33  47  1416    -1
   34  47  2098    -1
   36  46  1171    -1
   36  50  3348    -1
   38  49  1313    -1
   42  51  1229    -1
   42  51  2698     0
   48  54  1672    -1
   61  64  1042     0
   68  76  1603     0
   74  98  3642    -1
   77  79   821     0
   77  84   900    -1
   81  97  2366    -1
   84 102  2936     0
   86 101  2608    -1
   96 112  3051    -1
  103 123  2596     0
  112 124  1529    -1
  113 123  2330    -1
  117 129  2573    -1
  120 131  1071    -1
  126 129   461    -1
  126 144  4507     0
  133 141  1836    -1
  136 147  2111    -1
  141 154  2835    -1
  154 160   999     0
  155 179  5815     1
  156 160   982    -1
End
