NMec = 98512
T = 36
P = 1
Profits not ignored
Solution time = 1.084e-01
Viable job selections = 15287618
Best total profit = 54202
Task data
    5  14  2203     0
   24  34  2100    -1
   26  50  4477     0
   27 348 48091    -1
   39  41   203    -1
   44  50   623    -1
   61  78  2033     0
   78  85  1130    -1
   86  94   803     0
   90 111  1980    -1
   93  94   214    -1
   97 121  6296    -1
  101 283 40811     0
  110 219 22596    -1
  115 125  1229    -1
  120 136  2408    -1
  128 138  2996    -1
  136 157  1318    -1
  155 159   675    -1
  170 178  1353    -1
  174 194  1709    -1
  175 189  1929    -1
  208 221  2976    -1
  210 221  1472    -1
  216 225  1752    -1
  241 260  1346    -1
  243 246   922    -1
  250 253   469    -1
  250 259  1505    -1
  261 270   986    -1
  266 278  1493    -1
  277 288   799    -1
  295 304  2165     0
  310 323  1710     0
  320 334  1141    -1
  323 336  1194    -1
End
