NMec = 98512
T = 37
P = 8
Profits ignored
Solution time = 4.960e+01
Maximum possible tasks = 20
Solutions = 342584
Task data
    0  29     1    -1
    0  32     1    -1
    1  45     1    -1
    4  20     1    -1
    4  35     1    -1
    5  13     1     0
    6  21     1    -1
    6  26     1    -1
    7  26     1    -1
    8  23     1    -1
    9  18     1    -1
    9  20     1    -1
   11  30     1     1
   12  13     1     2
   12  32     1    -1
   13  21     1     3
   14  21     1     0
   14  25     1     2
   15  31     1     4
   15  40     1    -1
   16  23     1     5
   17  21     1     6
   17  27     1     7
   18  39     1    -1
   19  40     1    -1
   20  44     1    -1
   21  34     1    -1
   23  43     1     0
   23  44     1     3
   26  46     1     2
   28  33     1     5
   29  39     1     6
   30  34     1     7
   32  45     1     1
   32  46     1     4
   37  43     1     5
   41  44     1     6
End
