NMec = 98512
T = 37
P = 8
Profits not ignored
Solution time = 5.122e+01
Viable job selections = 8170665075
Best total profit = 62873
Task data
    0  29  5951     0
    0  32  3934    -1
    1  45  9803     1
    4  20  2384     2
    4  35  6192     3
    5  13   619     4
    6  21  1346    -1
    6  26  2259    -1
    7  26  5730     5
    8  23  2771    -1
    9  18  2505     6
    9  20  1271    -1
   11  30  1354    -1
   12  13   318     7
   12  32  3245    -1
   13  21   803    -1
   14  21  1917     4
   14  25  2981     7
   15  31  2505    -1
   15  40  5147    -1
   16  23  1016    -1
   17  21   940    -1
   17  27  2102    -1
   18  39  4024    -1
   19  40  4998     6
   20  44  4710    -1
   21  34  3472    -1
   23  43  4070     2
   23  44  4186     4
   26  46  5074     7
   28  33   639    -1
   29  39  2022     5
   30  34   665    -1
   32  45  1561    -1
   32  46  2832     0
   37  43   786     3
   41  44   505     5
End
