NMec = 98512
T = 37
P = 4
Profits ignored
Solution time = 3.870e+01
Maximum possible tasks = 21
Solutions = 327620
Task data
    0   9     1    -1
    1   9     1    -1
    2   3     1     0
    2  13     1     1
    6  29     1     0
    7  14     1     2
    8  17     1     3
    8  83     1    -1
   26  39     1    -1
   26  42     1    -1
   29  40     1    -1
   29  41     1    -1
   31  45     1    -1
   32  44     1    -1
   33  40     1    -1
   33  42     1     0
   35  44     1     1
   37  47     1     2
   39  51     1    -1
   39  53     1     3
   44  51     1     0
   45  57     1     1
   45  65     1    -1
   50  60     1     2
   54  70     1     0
   60  79     1     1
   61  69     1     2
   65  69     1     3
   66  91     1    -1
   67  82     1    -1
   69  88     1    -1
   73  91     1    -1
   76  82     1     0
   79  91     1     2
   80  91     1     1
   82  91     1     3
   89  90     1     0
End
