NMec = 98512
T = 37
P = 5
Profits not ignored
Solution time = 9.930e+00
Viable job selections = 1580740896
Best total profit = 48663
Task data
    0   9  2137     0
    3  16  1315     1
    8  63  9315     2
    9  17   770     3
    9  67  3865    -1
    9  68  6716    -1
   12  29  1643    -1
   14  17   391    -1
   16  27  1418     0
   16  61 11058     4
   17  40  1653    -1
   18  21   479     1
   23  45  4851     1
   25  45  5955     3
   28  30   280     0
   29  41  2402    -1
   32  42  1046    -1
   32  50  2628    -1
   32  56  3672    -1
   33  37   822     0
   34  57  3233    -1
   37  50  2125    -1
   37  53  1718    -1
   39  70  4733     0
   40  48  1360    -1
   40  49  1686    -1
   41  61  2936    -1
   41  65  3689    -1
   46  51   879    -1
   46  51  1648     1
   46  61  1903    -1
   47  53   554    -1
   50  61  2020     3
   52  61  1181     1
   53  55   518    -1
   54  59   605    -1
   64  69   681     1
End
