NMec = 98512
T = 37
P = 4
Profits not ignored
Solution time = 3.997e+01
Viable job selections = 6126446550
Best total profit = 51859
Task data
    0   9  2312     0
    1   9  1039    -1
    2   3   187     1
    2  13  1010    -1
    6  29  5410     1
    7  14   940    -1
    8  17  1390     2
    8  83 12235     3
   26  39  2242    -1
   26  42  2969     0
   29  40  1782    -1
   29  41  2933     2
   31  45  1655    -1
   32  44  1744    -1
   33  40  1742    -1
   33  42   911    -1
   35  44   970    -1
   37  47  1285    -1
   39  51  1294    -1
   39  53  4377     1
   44  51  1360    -1
   45  57  1714     0
   45  65  2536     2
   50  60  1415    -1
   54  70  1704     1
   60  79  4977     0
   61  69  1030    -1
   65  69   703    -1
   66  91  2564    -1
   67  82  4042     2
   69  88  2459    -1
   73  91  2866     1
   76  82  1487    -1
   79  91  1442    -1
   80  91  1961     0
   82  91  1672    -1
   89  90   246     2
End
