NMec = 98512
T = 37
P = 5
Profits ignored
Solution time = 9.636e+00
Maximum possible tasks = 23
Solutions = 20
Task data
    0   9     1     0
    3  16     1     1
    8  63     1    -1
    9  17     1     2
    9  67     1    -1
    9  68     1    -1
   12  29     1     0
   14  17     1     3
   16  27     1     4
   16  61     1    -1
   17  40     1    -1
   18  21     1     1
   23  45     1     1
   25  45     1     2
   28  30     1     3
   29  41     1     4
   32  42     1     0
   32  50     1    -1
   32  56     1    -1
   33  37     1     3
   34  57     1    -1
   37  50     1    -1
   37  53     1    -1
   39  70     1    -1
   40  48     1    -1
   40  49     1     3
   41  61     1    -1
   41  65     1    -1
   46  51     1     0
   46  51     1     1
   46  61     1     2
   47  53     1     4
   50  61     1     3
   52  61     1     0
   53  55     1     1
   54  59     1     4
   64  69     1     0
End
