NMec = 98512
T = 37
P = 3
Profits not ignored
Solution time = 4.060e+01
Viable job selections = 6100412160
Best total profit = 43158
Task data
    7  20  3580     0
    8  13   703     1
   18  26   666     1
   20  23   670     2
   21  36  1683     0
   21  45  2764    -1
   34  49  3634     1
   37  41   651     0
   38  52  1913    -1
   39  47  1018    -1
   39  59  4029     2
   40  62  3407    -1
   42  45   877    -1
   44  70  3722     0
   52  67  1818    -1
   53  61  1143     1
   57  77  1916    -1
   61  73   982    -1
   65  74  1753     1
   66  83  2242    -1
   67  90  3853     2
   71  75   453    -1
   71  94  3009     0
   75  88  2277     1
   78  84  1560    -1
   84  90   900    -1
   85 101  1918    -1
   91 102  2886     1
   92  95   631     2
   95 103  1030     0
   96 114  2025     2
   97 103   532    -1
  103 115  1951     1
  103 116  1284    -1
  104 121  3262     0
  110 113   489    -1
  111 116   994    -1
End
