NMec = 98512
T = 37
P = 1
Profits not ignored
Solution time = 3.503e-02
Viable job selections = 6557397
Best total profit = 39990
Task data
    1   3   657     0
    2  12  1134    -1
    8  12   727     0
   10  31  2651    -1
   13  19  1028     0
   16  25  1100    -1
   22  40  3241     0
   25  36  1388    -1
   27  34  1095    -1
   33  35   549    -1
   33  44  1290    -1
   42 338 34337     0
   64 191 13838    -1
   65  88  5283    -1
   66  79  1625    -1
   72  80   617    -1
   76  85  1672    -1
  107 124  1212    -1
  109 130  3654    -1
  109 186 14525    -1
  120 121   232    -1
  120 137  1587    -1
  137 147   840    -1
  139 141   344    -1
  161 162   189    -1
  177 190  3418    -1
  182 189  1395    -1
  183 186   602    -1
  186 198  2564    -1
  219 232  1706    -1
  226 235  1938    -1
  242 257  4167    -1
  253 266  2214    -1
  269 273   584    -1
  305 325  2473    -1
  308 315   890    -1
  327 336  2649    -1
End
