NMec = 98512
T = 37
P = 6
Profits ignored
Solution time = 6.777e+01
Maximum possible tasks = 22
Solutions = 15144
Task data
    0   8     1     0
    0  19     1    -1
    1   6     1     1
    1  10     1    -1
    2  52     1    -1
    3  34     1    -1
    4  11     1     2
    4  44     1    -1
    6  23     1     3
    7  24     1     1
    9  13     1     0
    9  19     1     4
    9  34     1     5
   16  30     1     0
   18  55     1    -1
   21  37     1     2
   28  34     1     1
   30  43     1    -1
   31  47     1    -1
   31  48     1     0
   33  43     1     3
   35  58     1    -1
   35  60     1    -1
   36  58     1    -1
   38  47     1     1
   38  51     1    -1
   40  61     1    -1
   41  45     1     2
   41  55     1    -1
   42  53     1     4
   42  57     1    -1
   43  54     1     5
   48  54     1     1
   51  58     1     0
   51  61     1     2
   51  61     1     3
   54  61     1     4
End
