NMec = 98512
T = 37
P = 6
Profits not ignored
Solution time = 7.003e+01
Viable job selections = 9158761098
Best total profit = 59939
Task data
    0   8  2091     0
    0  19  1630     1
    1   6  1221     2
    1  10  1465    -1
    2  52  8373     3
    3  34  7880     4
    4  11   858    -1
    4  44  8855     5
    6  23  2741    -1
    7  24  3139     2
    9  13  1169     0
    9  19  1186    -1
    9  34  3805    -1
   16  30  3314     0
   18  55  4580    -1
   21  37  2993     1
   28  34  1733     2
   30  43  1687    -1
   31  47  2581    -1
   31  48  3119     0
   33  43  1756    -1
   35  58  3025     2
   35  60  3598     4
   36  58  2519    -1
   38  47   647    -1
   38  51  2360    -1
   40  61  4541     1
   41  45   822    -1
   41  55  2423    -1
   42  53  1166    -1
   42  57  2146    -1
   43  54  1103    -1
   48  54   805    -1
   51  58  1073    -1
   51  61  1136     0
   51  61  1342     5
   54  61   780     3
End
