NMec = 98512
T = 37
P = 2
Profits not ignored
Solution time = 4.653e+00
Viable job selections = 863224587
Best total profit = 80408
Task data
    1  23  4977     0
    4  20  3566    -1
    5 154 39593     1
    9  15  1276    -1
   17  28  1668    -1
   21  30   618    -1
   24  40  2123    -1
   27  47  3295    -1
   36  48   896    -1
   39  40   194    -1
   40 177 31204     0
   51  72  5258    -1
   54  62  1139    -1
   59  75  1328    -1
   69  74   385    -1
   70  79  1695    -1
   75  83   662    -1
   79  93  2946    -1
   80 123  6935    -1
   82  97  2068    -1
   98 120  5035    -1
  103 127  2676    -1
  104 117  2810    -1
  105 123  2580    -1
  109 119  2194    -1
  121 123   235    -1
  129 136   553    -1
  129 145   946    -1
  140 146  1085    -1
  141 155  2653    -1
  141 161  1201    -1
  147 161  3689    -1
  156 161   861    -1
  156 168  2254    -1
  161 174  3960     1
  170 183  1000    -1
  177 183   674     1
End
