NMec = 98512
T = 38
P = 6
Profits not ignored
Solution time = 8.361e+01
Viable job selections = 13566684933
Best total profit = 61563
Task data
    0  13  1637     0
    0  60  9365    -1
    1  15  2116     1
    1  63  9428     2
    2  14  1215    -1
    2  28  5477     3
    3  10  1249     4
    3  58  7030    -1
    3  63 10499     5
    9  19  1253    -1
    9  28  2636    -1
   10  21  2189    -1
   11  15   349    -1
   11  20  1832     4
   15  27  2561    -1
   15  49  7469     0
   17  42  4887     1
   19  39  4795    -1
   19  40  2777    -1
   21  28   958     4
   21  36   963    -1
   23  33  1114    -1
   24  40  2954    -1
   27  41  2079    -1
   29  31   258     3
   29  33   437    -1
   29  44   968    -1
   29  56  6254     4
   32  52  4716    -1
   32  57  5483     3
   39  53   963    -1
   42  52  1423    -1
   43  48  1295    -1
   43  51  2027    -1
   43  62  3403     1
   46  52  2031    -1
   54  57   299    -1
   55  60   613     0
End
