NMec = 98512
T = 38
P = 5
Profits ignored
Solution time = 1.340e+02
Maximum possible tasks = 25
Solutions = 2916
Task data
    0  16     1    -1
    2  13     1     0
    2  56     1    -1
    3  21     1    -1
    5  10     1     1
    5  18     1    -1
    6   9     1     2
    7  16     1     3
    8  67     1    -1
    9  20     1     4
   12  56     1    -1
   13  32     1     1
   13  34     1     2
   14  30     1     0
   20  27     1     3
   24  49     1    -1
   25  45     1    -1
   28  49     1     3
   32  50     1     0
   35  37     1     1
   37  48     1     2
   40  64     1    -1
   42  53     1     1
   45  58     1     4
   47  63     1    -1
   47  64     1    -1
   49  66     1     2
   52  67     1    -1
   54  69     1    -1
   55  56     1     0
   58  68     1     0
   58  69     1     1
   59  65     1     3
   60  74     1     4
   67  71     1     2
   67  74     1     3
   73  75     1     0
   74  75     1     1
End
