NMec = 98512
T = 38
P = 6
Profits ignored
Solution time = 8.003e+01
Maximum possible tasks = 23
Solutions = 20518
Task data
    0  13     1    -1
    0  60     1    -1
    1  15     1    -1
    1  63     1    -1
    2  14     1     0
    2  28     1    -1
    3  10     1     1
    3  58     1    -1
    3  63     1    -1
    9  19     1     2
    9  28     1     3
   10  21     1     4
   11  15     1     1
   11  20     1     5
   15  27     1     0
   15  49     1    -1
   17  42     1    -1
   19  39     1    -1
   19  40     1    -1
   21  28     1     1
   21  36     1    -1
   23  33     1     2
   24  40     1     4
   27  41     1     5
   29  31     1     0
   29  33     1     1
   29  44     1     3
   29  56     1    -1
   32  52     1    -1
   32  57     1    -1
   39  53     1     0
   42  52     1     1
   43  48     1     2
   43  51     1     4
   43  62     1     5
   46  52     1     3
   54  57     1     0
   55  60     1     1
End
