NMec = 98512
T = 38
P = 2
Profits not ignored
Solution time = 1.134e+00
Viable job selections = 210296576
Best total profit = 48364
Task data
    0   6   515     0
    6 156 14449    -1
   13  30  4040     0
   17  25  1316     1
   23 178 12875    -1
   30  92 12060     1
   30 143  8724    -1
   38  46  2067     0
   39  55  2612    -1
   42  68  2198    -1
   44  54  1411    -1
   49  64  2875     0
   57 159  7072    -1
   60  80  4255    -1
   64  74  2127    -1
   65  74  1092    -1
   67  78  2944     0
   73  87  1460    -1
   82 100  2135    -1
   83  89   764    -1
   85 102  2354     0
   87  99  2019    -1
   87 101  1424    -1
   94 111  2828     1
  103 104   164     0
  110 132  2980     0
  113 127  3027     1
  114 122   758    -1
  122 126   614    -1
  122 127  1455    -1
  146 163  3933     0
  149 158  1987    -1
  149 170  2680    -1
  155 171  3521     1
  169 172   579    -1
  170 176  1574     0
  179 187  1670     0
  184 186   496     1
End
