NMec = 98512
T = 38
P = 5
Profits not ignored
Solution time = 1.390e+02
Viable job selections = 24911445592
Best total profit = 56087
Task data
    0  16  3958     0
    2  13  2015     1
    2  56  6079     2
    3  21  1316    -1
    5  10   512    -1
    5  18  1257    -1
    6   9   673     3
    7  16   842    -1
    8  67 11525     4
    9  20  1141    -1
   12  56 13060     3
   13  32  2044    -1
   13  34  2211    -1
   14  30  1784     1
   20  27   821     0
   24  49  3821    -1
   25  45  1728    -1
   28  49  3769     0
   32  50  2761    -1
   35  37   225     1
   37  48   997    -1
   40  64  3797     1
   42  53  1741    -1
   45  58  2519    -1
   47  63  1532    -1
   47  64   963    -1
   49  66  1844    -1
   52  67  2531     0
   54  69  1907    -1
   55  56   224    -1
   58  68  1465    -1
   58  69  2456     2
   59  65   890    -1
   60  74  1926     3
   67  71   636    -1
   67  74  1014     1
   73  75   242     0
   74  75   212     2
End
