NMec = 98512
T = 38
P = 4
Profits not ignored
Solution time = 3.442e+01
Viable job selections = 5540771509
Best total profit = 60488
Task data
    0  14  3981     0
    2  13  1268    -1
    7  21  1992     1
    7  55 10856     2
   11  89 12203     3
   14  20   378    -1
   18  28  1509     0
   20  27  1454    -1
   25  89 11900     1
   28  41  1575    -1
   30  38  1888    -1
   32  51  2631    -1
   34  37   587     0
   34  42  1314    -1
   35  38   739    -1
   35  40   602    -1
   35  41   735    -1
   38  49  2449     0
   40  54  1755    -1
   41  70  4154    -1
   52  64  2602     0
   56  68  3419     2
   57  76  3017    -1
   58  93  3562    -1
   59  67  1333    -1
   60  70   923    -1
   64  75  1999    -1
   65  69  1047     0
   66  75  1593    -1
   66  75  2698    -1
   66  77  1291    -1
   69  92  3523     2
   71  86  3838     0
   74  83  1578    -1
   76  81   473    -1
   79  88  1421    -1
   79  89  1431    -1
   88  92   582     0
End
