NMec = 98512
T = 38
P = 8
Profits not ignored
Solution time = 2.736e+02
Viable job selections = 39096605111
Best total profit = 54890
Task data
    0  14  2613     0
    2   7   639     1
    2  18  2531     2
    3  29  6810     3
    4  13  1420     4
    6  22  3939     5
    7  13  1663     6
    7  24  1506    -1
    7  35  2848    -1
    9  24  2077     1
    9  30  2129    -1
    9  33  2656    -1
   10  18  1275    -1
   11  29  2584    -1
   12  26  2602    -1
   12  29  3383     7
   13  17   436    -1
   13  19  1087    -1
   13  24  1052    -1
   14  24  1391    -1
   14  25  2303     4
   14  30  3807     6
   15  26  1831    -1
   16  31  2871     0
   19  33  1020    -1
   21  32  1767    -1
   23  47  3963     2
   24  43  3668     5
   25  41  2378    -1
   25  46  2427     1
   27  40  2898     4
   32  45  2505     0
   34  43   623    -1
   36  45  2169     3
   37  44   941     6
   40  45  1498     7
   40  46   570    -1
   43  47   765     4
End
