NMec = 98512
T = 38
P = 8
Profits ignored
Solution time = 2.730e+02
Maximum possible tasks = 23
Solutions = 275022
Task data
    0  14     1     0
    2   7     1     1
    2  18     1    -1
    3  29     1    -1
    4  13     1     2
    6  22     1    -1
    7  13     1     3
    7  24     1    -1
    7  35     1    -1
    9  24     1    -1
    9  30     1    -1
    9  33     1    -1
   10  18     1    -1
   11  29     1    -1
   12  26     1    -1
   12  29     1    -1
   13  17     1     1
   13  19     1     4
   13  24     1     5
   14  24     1     2
   14  25     1     3
   14  30     1     6
   15  26     1     0
   16  31     1     7
   19  33     1     1
   21  32     1     4
   23  47     1    -1
   24  43     1    -1
   25  41     1    -1
   25  46     1     2
   27  40     1     0
   32  45     1     3
   34  43     1     1
   36  45     1     4
   37  44     1     5
   40  45     1     6
   40  46     1     7
   43  47     1     0
End
