NMec = 98512
T = 38
P = 7
Profits not ignored
Solution time = 3.102e+02
Viable job selections = 45912214104
Best total profit = 46451
Task data
    2  15  2610     0
    3   7   731     1
    3  16  2186     2
    5  20  1916     3
    7  20  3185     4
    8  13  1603     1
    8  15  1424     5
   11  15   488    -1
   11  16  1379    -1
   11  26  1440    -1
   11  27  2162    -1
   13  23  1403    -1
   13  25  2317     6
   15  29  1705    -1
   15  45  4717     1
   16  26  1084     0
   18  25   625    -1
   19  37  2381     2
   20  27   606    -1
   20  38  2238    -1
   20  40  5426     5
   21  22   168     3
   21  33  1053    -1
   21  46  3070     4
   23  42  2572     3
   27  29   504     0
   27  47  2567     6
   29  41  2051    -1
   30  36  1244    -1
   31  37  1447    -1
   31  39   857    -1
   32  40  1035    -1
   32  44  2137    -1
   32  50  4116     0
   33  42   778    -1
   35  44   957    -1
   40  50  1905     2
   42  50  1969     5
End
