NMec = 98512
T = 38
P = 4
Profits ignored
Solution time = 3.328e+01
Maximum possible tasks = 22
Solutions = 32619
Task data
    0  14     1     0
    2  13     1     1
    7  21     1     2
    7  55     1    -1
   11  89     1    -1
   14  20     1     1
   18  28     1     0
   20  27     1     3
   25  89     1    -1
   28  41     1    -1
   30  38     1    -1
   32  51     1    -1
   34  37     1     0
   34  42     1    -1
   35  38     1     1
   35  40     1     2
   35  41     1     3
   38  49     1     0
   40  54     1     1
   41  70     1    -1
   52  64     1     0
   56  68     1    -1
   57  76     1    -1
   58  93     1    -1
   59  67     1    -1
   60  70     1    -1
   64  75     1    -1
   65  69     1     0
   66  75     1     1
   66  75     1     2
   66  77     1     3
   69  92     1    -1
   71  86     1    -1
   74  83     1     0
   76  81     1     1
   79  88     1     2
   79  89     1     3
   88  92     1     0
End
