NMec = 98512
T = 38
P = 1
Profits not ignored
Solution time = 6.089e-02
Viable job selections = 8542083
Best total profit = 47745
Task data
    5  20  3759     0
    8 349 36522    -1
   30  44  2137     0
   33  42  1433    -1
   33  49  2573    -1
   35  53  1839    -1
   36  51  1231    -1
   47  71  6461     0
   53  75  4108    -1
   65  83  4039    -1
   78  81   624    -1
   79  93  3336     0
   94 101   965     0
  104 245 13080    -1
  110 129  4146    -1
  115 130  3228    -1
  117 272 22104     0
  119 125  1108    -1
  121 140  4086    -1
  134 142   799    -1
  137 153  2439    -1
  138 153  3360    -1
  142 152  1092    -1
  187 197  1601    -1
  191 195   603    -1
  202 212  2144    -1
  204 373 19144    -1
  216 223   694    -1
  217 240  3158    -1
  231 241   904    -1
  235 244  2263    -1
  258 272  1962    -1
  292 305  3822     0
  302 312  2433    -1
  333 343  2497     0
  345 362  1625    -1
  354 364  2664     0
  358 369  1413    -1
End
