NMec = 98512
T = 38
P = 3
Profits not ignored
Solution time = 1.084e+01
Viable job selections = 1634840122
Best total profit = 57687
Task data
    5   9   504     0
    6  16  2562     1
   14  16   317     0
   15 116 10403    -1
   16  25  1311     2
   18  35  2530    -1
   22  31  1117    -1
   23  38  2966     0
   24  32  1768     1
   25  40  3325    -1
   26  49  2862     2
   32  34   298    -1
   34  42  1900    -1
   35 123 17578     1
   39  55  2413    -1
   39  56  3502     0
   48  60  1656    -1
   54 110 14386     2
   58  77  2010     0
   65  74  1755    -1
   67  75  1446    -1
   68  78  1756    -1
   71  82  1317    -1
   79  81   514     0
   84 101  5214     0
   90 102  3035    -1
   90 108  2694    -1
   91 105  2199    -1
   93 100   924    -1
   94 104  1285    -1
   96 110  2859    -1
   98 116  2413    -1
   99 108  1495    -1
   99 116  3719    -1
  104 111   768    -1
  105 117  1896     0
  108 118  1413    -1
  116 117   297     2
End
