NMec = 98512
T = 38
P = 7
Profits ignored
Solution time = 3.203e+02
Maximum possible tasks = 24
Solutions = 24843
Task data
    2  15     1    -1
    3   7     1     0
    3  16     1    -1
    5  20     1     1
    7  20     1     2
    8  13     1     0
    8  15     1     3
   11  15     1     4
   11  16     1     5
   11  26     1    -1
   11  27     1    -1
   13  23     1    -1
   13  25     1     6
   15  29     1     0
   15  45     1    -1
   16  26     1     3
   18  25     1     4
   19  37     1    -1
   20  27     1     5
   20  38     1    -1
   20  40     1    -1
   21  22     1     1
   21  33     1     2
   21  46     1    -1
   23  42     1    -1
   27  29     1     1
   27  47     1    -1
   29  41     1    -1
   30  36     1    -1
   31  37     1     0
   31  39     1     1
   32  40     1     3
   32  44     1     4
   32  50     1     5
   33  42     1     6
   35  44     1     2
   40  50     1     0
   42  50     1     1
End
