NMec = 98512
T = 39
P = 2
Profits not ignored
Solution time = 3.601e-01
Viable job selections = 69141692
Best total profit = 54167
Task data
    0 192 19545    -1
    4  19  1838     0
   13 127 12384    -1
   16  22  1127     1
   20  31  2850     0
   26  29   824    -1
   27  38  1087    -1
   27  44  3371    -1
   27  44  3747    -1
   27 103 15698     1
   28  37   877    -1
   31  42  1853    -1
   32  42  1494    -1
   34  36   481     0
   36 128  8699    -1
   37  49  1798    -1
   37 194 23071     0
   38  50  2438    -1
   39  58  5214    -1
   49 104  9496    -1
   57  78  2099    -1
   58  74  1210    -1
   69  70   234    -1
   70  79  1959    -1
   77 100  3279    -1
   81  99  3968    -1
   84 104  2422    -1
   85  91  1035    -1
   89 111  4955    -1
   90 104  3710    -1
  100 105  1019    -1
  103 119  2076    -1
  106 114  1485     1
  106 116  1133    -1
  113 122  1288    -1
  116 136  3144     1
  141 151   957     1
  153 180  3516     1
  179 189  1448    -1
End
