NMec = 98512
T = 39
P = 3
Profits not ignored
Solution time = 3.270e+01
Viable job selections = 5129959993
Best total profit = 56368
Task data
    0 120 14094    -1
    0 129 16761     0
    1  20  3202     1
    2  10  1490     2
    4  26  3580    -1
    6  14  1168    -1
    9  95 11652    -1
   11  27  3060     2
   16  28  1937    -1
   19  38  3619    -1
   25  36  2755    -1
   26  35  2830     1
   31  41  1805    -1
   32  56  4874     2
   36  47  1673     1
   39  53  1621    -1
   39  61  2432    -1
   42  58  2955    -1
   45  61  2137    -1
   50  70  2182    -1
   51  65  2560     1
   63  71  1985     2
   66  81  2142     1
   70  82  2020    -1
   71  80  2013    -1
   73  83   982    -1
   73  83  1428     2
   75  88  2779    -1
   76  88  1169    -1
   83 104  3329     1
   84 109  3404     2
   96 118  2583    -1
  107 111  1128     1
  110 126  4308     2
  112 121  1265    -1
  115 128  2194     1
  117 119   570    -1
  118 124   816    -1
  120 129   863    -1
End
