NMec = 98512
T = 39
P = 7
Profits not ignored
Solution time = 7.622e+02
Viable job selections = 50434237407
Best total profit = 58441
Task data
    1  16  3264     0
    2  16  2369     1
    2  22  1794    -1
    4  12  1870     2
    4  15  1607    -1
    4  17  2724     3
    5  22  2627    -1
    6  31  4944     4
    7  22  3652     5
    7  30  2177    -1
    9  18  2369     6
   10  19  1462    -1
   10  54  5384    -1
   12  26  2096    -1
   13  20  1599    -1
   13  33  4566     2
   15  36  3840    -1
   18  38  2577    -1
   19  32  1323    -1
   19  34  1605     0
   19  36  4963     1
   19  37  1995    -1
   20  26   943    -1
   20  54  3929    -1
   21  53  5579     3
   22  28  1744     6
   24  46  2560    -1
   25  40  2083     5
   28  32   410    -1
   30  39  1271     6
   34  49  3572     2
   35  45  1515     0
   35  55  2664     4
   36  45   949    -1
   37  49  2119     1
   41  49  2182     5
   42  47   846    -1
   42  53  1367     6
   47  55  2019     0
End
