NMec = 98512
T = 39
P = 5
Profits not ignored
Solution time = 6.796e+02
Viable job selections = 78333605369
Best total profit = 53377
Task data
    0   7   649    -1
    1   6  1501     0
    1  11   711    -1
    2   7  1204     1
    2  76 10919     2
    4  15  2628     3
    6   9   628    -1
    6  14  1958     4
    8  15   972     0
    8  28  2640    -1
   10  19  1101     1
   13  26  1350    -1
   15  25  2475     4
   17  32  3213     0
   19  38  2301    -1
   20  37  3220     1
   22  39  3297    -1
   23  40  2224    -1
   25  41  2581    -1
   25  44  4544     3
   29  40  1132     4
   32  41  1368    -1
   33  42   641    -1
   33  44  2374     0
   33  76  3015    -1
   34  59  3175    -1
   39  54  2479     1
   41  48  1875     4
   48  50   413     0
   48  53   691    -1
   48  59  1713     3
   51  68  1806     0
   52  56   851     4
   59  74  2078     1
   60  64  1277     3
   62  70  1005    -1
   63  71  1413    -1
   63  72  2083     4
   68  77  1561     3
End
