NMec = 98512
T = 39
P = 8
Profits not ignored
Solution time = 6.305e+02
Viable job selections = 31722566960
Best total profit = 46854
Task data
    0   5   995     0
    0  10  1128     1
    3  31  4176     2
    5  12  1647     3
    5  38  4414     4
    6  25  1890    -1
    7  39  5182     0
    9  14  1456     5
    9  16   962     6
   11  31  3304    -1
   11  40  3335    -1
   12  20  1837     1
   13  31  3886     3
   14  24  2245     7
   14  24  1707    -1
   15  23  1555    -1
   15  26  1741    -1
   15  29  2693     5
   17  33  2555    -1
   17  35  3376    -1
   18  29  2235    -1
   18  40  3414    -1
   19  38  2096    -1
   20  29  2751     6
   21  28  1354    -1
   22  26  1340    -1
   22  30  1019    -1
   22  41  2047    -1
   23  25   288    -1
   23  32  2836     1
   26  41  1911    -1
   27  48  2535     7
   30  35   718    -1
   30  37  1412    -1
   30  39  2650     5
   31  45  2216     6
   32  40   836     2
   35  39  1336     1
   36  41  1073     3
End
