NMec = 98512
T = 39
P = 6
Profits ignored
Solution time = 1.092e+02
Maximum possible tasks = 25
Solutions = 315
Task data
    1  12     1     0
    3  47     1    -1
    4  45     1    -1
    4  63     1    -1
    6  12     1     1
    6  18     1    -1
    7  23     1    -1
    9  16     1     2
   11  19     1     3
   11  27     1    -1
   12  28     1    -1
   12  30     1    -1
   12  45     1    -1
   13  20     1     0
   13  32     1    -1
   14  31     1     1
   14  38     1    -1
   15  24     1     4
   16  27     1     5
   16  50     1    -1
   18  35     1     2
   21  34     1     0
   23  31     1     3
   25  32     1     4
   27  39     1    -1
   30  37     1     5
   30  43     1    -1
   32  50     1     1
   33  49     1     3
   36  41     1     0
   36  55     1     2
   38  46     1     4
   38  53     1     5
   44  56     1     0
   48  54     1     4
   50  61     1     3
   54  61     1     1
   55  63     1     4
   58  62     1     0
End
