NMec = 98512
T = 39
P = 4
Profits ignored
Solution time = 3.569e+02
Maximum possible tasks = 26
Solutions = 35904
Task data
    8  25     1    -1
    9  44     1    -1
   10  18     1     0
   10  20     1     1
   13  15     1     2
   15  25     1     3
   16  37     1    -1
   24  26     1     0
   25  27     1     1
   28  37     1    -1
   28  49     1    -1
   33  34     1     0
   33  44     1     1
   35  47     1     0
   36  38     1     2
   36  45     1     3
   44  49     1     2
   45  60     1     1
   50  56     1     0
   52  58     1     2
   55  78     1    -1
   55  94     1    -1
   56  71     1    -1
   57  65     1     0
   57  67     1    -1
   57  68     1    -1
   60  72     1    -1
   63  70     1    -1
   65  72     1     1
   65  77     1     2
   66  76     1     0
   67  80     1     3
   74  95     1    -1
   77  86     1     0
   79  86     1     1
   83  93     1     2
   87  94     1     0
   88  96     1     1
   93  97     1     3
End
