NMec = 98512
T = 39
P = 6
Profits not ignored
Solution time = 1.216e+02
Viable job selections = 19742264504
Best total profit = 62611
Task data
    1  12  2420     0
    3  47  9411     1
    4  45  3669    -1
    4  63 12461     2
    6  12  1428     3
    6  18  2811     4
    7  23  1658    -1
    9  16  1521     5
   11  19  1602    -1
   11  27  1440    -1
   12  28  2730    -1
   12  30  3627    -1
   12  45  3744    -1
   13  20   865    -1
   13  32  1869    -1
   14  31  1895    -1
   14  38  3936    -1
   15  24  1201    -1
   16  27  1409     0
   16  50  8923     3
   18  35  2809     5
   21  34  1044    -1
   23  31  1346     4
   25  32   787    -1
   27  39  2581    -1
   30  37  1482    -1
   30  43  3493     0
   32  50  3593    -1
   33  49  3962     4
   36  41  1343    -1
   36  55  2902     5
   38  46  1168    -1
   38  53  1337    -1
   44  56  2240     0
   48  54  1058     1
   50  61  1073     4
   54  61   504     3
   55  63  1688     1
   58  62  1152     0
End
