NMec = 98512
T = 39
P = 4
Profits not ignored
Solution time = 9.361e+02
Viable job selections = 56293726628
Best total profit = 50457
Task data
    8  25  2001     0
    9  44  4299     1
   10  18   668    -1
   10  20  2422     2
   13  15   360     3
   15  25  1702    -1
   16  37  3795     3
   24  26   554     2
   25  27   295    -1
   28  37  1358    -1
   28  49  4887     0
   33  34   376     2
   33  44  1966    -1
   35  47  1803    -1
   36  38   610    -1
   36  45  2083     2
   44  49   814     3
   45  60  2228     1
   50  56   661     0
   52  58   709     2
   55  78  2244    -1
   55  94  7711     3
   56  71  1346    -1
   57  65  2369     0
   57  67  1835    -1
   57  68  1805    -1
   60  72   996    -1
   63  70  1707     1
   65  72   702    -1
   65  77  1658    -1
   66  76  1173     0
   67  80  2189     2
   74  95  4828     1
   77  86  2246     0
   79  86   548    -1
   83  93  1339     2
   87  94  1039    -1
   88  96  1706     0
   93  97   974    -1
End
