NMec = 98512
T = 39
P = 8
Profits ignored
Solution time = 2.165e+02
Maximum possible tasks = 23
Solutions = 12370
Task data
    0   5     1     0
    0  10     1     1
    3  31     1    -1
    5  12     1     2
    5  38     1    -1
    6  25     1    -1
    7  39     1    -1
    9  14     1     0
    9  16     1     3
   11  31     1    -1
   11  40     1    -1
   12  20     1     1
   13  31     1    -1
   14  24     1    -1
   14  24     1    -1
   15  23     1    -1
   15  26     1    -1
   15  29     1     0
   17  33     1    -1
   17  35     1    -1
   18  29     1     2
   18  40     1    -1
   19  38     1    -1
   20  29     1     3
   21  28     1     1
   22  26     1     4
   22  30     1     5
   22  41     1    -1
   23  25     1     6
   23  32     1     7
   26  41     1     6
   27  48     1     4
   30  35     1     0
   30  37     1     1
   30  39     1     2
   31  45     1     3
   32  40     1     5
   35  39     1     7
   36  41     1     0
End
