NMec = 98512
T = 39
P = 5
Profits ignored
Solution time = 4.872e+02
Maximum possible tasks = 28
Solutions = 30
Task data
    0   7     1    -1
    1   6     1     0
    1  11     1     1
    2   7     1     2
    2  76     1    -1
    4  15     1    -1
    6   9     1     3
    6  14     1     4
    8  15     1     0
    8  28     1     2
   10  19     1     3
   13  26     1     1
   15  25     1     4
   17  32     1     0
   19  38     1    -1
   20  37     1     3
   22  39     1    -1
   23  40     1    -1
   25  41     1    -1
   25  44     1    -1
   29  40     1     1
   32  41     1     2
   33  42     1     0
   33  44     1     4
   33  76     1    -1
   34  59     1    -1
   39  54     1     3
   41  48     1     1
   48  50     1     0
   48  53     1     2
   48  59     1     4
   51  68     1    -1
   52  56     1     0
   59  74     1     0
   60  64     1     1
   62  70     1     2
   63  71     1     3
   63  72     1     4
   68  77     1     1
End
