NMec = 98512
T = 39
P = 7
Profits ignored
Solution time = 3.307e+02
Maximum possible tasks = 25
Solutions = 156
Task data
    1  16     1    -1
    2  16     1     0
    2  22     1    -1
    4  12     1     1
    4  15     1     2
    4  17     1     3
    5  22     1    -1
    6  31     1    -1
    7  22     1     4
    7  30     1    -1
    9  18     1     5
   10  19     1     6
   10  54     1    -1
   12  26     1    -1
   13  20     1     1
   13  33     1    -1
   15  36     1    -1
   18  38     1    -1
   19  32     1     0
   19  34     1     2
   19  36     1     3
   19  37     1     5
   20  26     1     6
   20  54     1    -1
   21  53     1    -1
   22  28     1     1
   24  46     1    -1
   25  40     1     4
   28  32     1     6
   30  39     1     1
   34  49     1    -1
   35  45     1     0
   35  55     1     2
   36  45     1     6
   37  49     1     3
   41  49     1     1
   42  47     1     4
   42  53     1     5
   47  55     1     0
End
