NMec = 98512
T = 39
P = 1
Profits not ignored
Solution time = 1.260e-01
Viable job selections = 16215561
Best total profit = 62304
Task data
    0  12  2518     0
    0 389 49226    -1
    4  31  5420    -1
   13 348 55752     0
   16  21   682    -1
   27  37   732    -1
   35  62  5668    -1
   50  71  1732    -1
   52  61  1818    -1
   82  92  1253    -1
   87 105  3441    -1
   91 107  1736    -1
  102 117  1658    -1
  104 122  3947    -1
  106 121  2236    -1
  106 124  4527    -1
  109 129  2662    -1
  120 146  4975    -1
  126 127   369    -1
  137 157  3120    -1
  149 316 10081    -1
  152 279 10998    -1
  168 178  2879    -1
  178 196  4056    -1
  228 238  2110    -1
  240 246   943    -1
  242 259  1803    -1
  256 265  1659    -1
  268 270   476    -1
  269 280  1673    -1
  271 292  2510    -1
  302 318  1956    -1
  308 325  1542    -1
  318 335  2768    -1
  325 331  1476    -1
  341 353  2553    -1
  360 374  2752    -1
  368 387  4034     0
  373 386  1592    -1
End
