01 01 1669
02 01 2300
02 02 4649
03 01 2883
03 02 5587
03 03 7437
04 01 3674
04 02 6476
04 03 6623
04 04 8534
05 01 6953
05 02 6398
05 03 10446
05 04 5826
05 05 11893
06 01 9676
06 02 6894
06 03 12100
06 04 9553
06 05 12863
06 06 15581
07 01 5140
07 02 8096
07 03 11157
07 04 12812
07 05 11469
07 06 13641
07 07 15690
08 01 10664
08 02 6765
08 03 8928
08 04 16061
08 05 15199
08 06 14465
08 07 15894
08 08 24110
09 01 9919
09 02 11609
09 03 11697
09 04 13246
09 05 18131
09 06 11585
09 07 20471
09 08 16754
10 01 13037
10 02 10641
10 03 16962
10 04 14905
10 05 20065
10 06 20122
10 07 24381
10 08 21105
11 01 11925
11 02 16896
11 03 9276
11 04 11146
11 05 17307
11 06 13576
11 07 21047
11 08 16917
12 01 10635
12 02 15617
12 03 15005
12 04 13931
12 05 16458
12 06 17056
12 07 23342
12 08 18740
13 01 10365
13 02 18812
13 03 18042
13 04 15248
13 05 15916
13 06 21366
13 07 16637
13 08 19657
14 01 24471
14 02 16970
14 03 19100
14 04 15399
14 05 18627
14 06 16717
14 07 23748
14 08 21771
15 01 16196
15 02 21906
15 03 14420
15 04 20231
15 05 18889
15 06 25979
15 07 21878
15 08 25539
16 01 16719
16 02 18343
16 03 17299
16 04 18305
16 05 22784
16 06 25602
16 07 24213
16 08 24216
17 01 23791
17 02 22997
17 03 27959
17 04 22183
17 05 18484
17 06 26589
17 07 28881
17 08 29066
18 01 25206
18 02 22572
18 03 21938
18 04 26155
18 05 26445
18 06 21827
18 07 26706
18 08 25717
19 01 19033
19 02 25112
19 03 29007
19 04 26345
19 05 22821
19 06 21872
19 07 26092
19 08 20474
20 01 20997
20 02 22466
20 03 34869
20 04 28223
20 05 32041
20 06 27287
20 07 25908
20 08 29756
21 01 29566
21 02 38776
21 03 26637
21 04 28208
21 05 31204
21 06 25248
21 07 27030
21 08 30935
22 01 26346
22 02 29027
22 03 25378
22 04 30626
22 05 28394
22 06 23195
22 07 26494
22 08 29840
23 01 28071
23 02 30406
23 03 46269
23 04 34608
23 05 38815
23 06 32181
23 07 29226
23 08 28779
24 01 32082
24 02 33854
24 03 39986
24 04 29452
24 05 34073
24 06 27724
24 07 27907
24 08 28536
25 01 26447
25 02 32975
25 03 36663
25 04 33524
25 05 31762
25 06 34952
25 07 32568
25 08 32044
26 01 30373
26 02 35405
26 03 34874
26 04 35633
26 05 41276
26 06 26968
26 07 35682
26 08 30822
27 01 36643
27 02 42288
27 03 45367
27 04 39503
27 05 42341
27 06 32810
27 07 28753
27 08 35012
28 01 44681
28 02 32600
28 03 42400
28 04 36168
28 05 47047
28 06 38847
28 07 37231
28 08 35168
29 01 28504
29 02 35662
29 03 44052
29 04 50913
29 05 41688
29 06 36798
29 07 36309
29 08 40081
30 01 56242
30 02 44145
30 03 35879
30 04 45097
30 05 40737
30 06 41819
30 07 40769
30 08 36439
31 01 61082
31 02 33045
31 03 40952
31 04 45836
31 05 54200
31 06 43739
31 07 32927
31 08 44663
32 01 43563
32 02 48581
32 03 48098
32 04 43288
32 05 44359
32 06 42711
32 07 37322
32 08 44253
33 01 43432
33 02 66242
33 03 54917
33 04 40541
33 05 41347
33 06 45733
33 07 45283
33 08 39234
34 01 36815
34 02 42550
34 03 48831
34 04 53640
34 05 47524
34 06 47379
34 07 48439
34 08 46562
35 01 43743
35 02 39590
35 03 50784
35 04 44453
35 05 40751
35 06 45749
35 07 45810
35 08 49215
36 01 54202
36 02 54830
36 03 52634
36 04 43855
36 05 55822
36 06 53708
36 07 54674
36 08 50268
37 01 39990
37 02 80408
37 03 43158
37 04 51859
37 05 48663
37 06 59939
37 07 51296
37 08 62873
38 01 47745
38 02 48364
38 03 57687
38 04 60488
38 05 56087
38 06 61563
38 07 46451
38 08 54890
39 01 62304
39 02 54167
39 03 56368
39 04 50457
39 05 53377
39 06 62611
39 07 58441
39 08 46854
