01 01 1
02 01 1
02 02 2
03 01 1
03 02 2
03 03 3
04 01 1
04 02 2
04 03 4
04 04 4
05 01 2
05 02 3
05 03 4
05 04 5
05 05 5
06 01 3
06 02 4
06 03 4
06 04 6
06 05 6
06 06 6
07 01 2
07 02 3
07 03 4
07 04 6
07 05 7
07 06 7
07 07 7
08 01 3
08 02 4
08 03 6
08 04 5
08 05 5
08 06 7
08 07 8
08 08 8
09 01 4
09 02 5
09 03 5
09 04 6
09 05 7
09 06 9
09 07 8
09 08 9
10 01 4
10 02 6
10 03 4
10 04 6
10 05 7
10 06 8
10 07 9
10 08 10
11 01 7
11 02 6
11 03 7
11 04 5
11 05 10
11 06 8
11 07 10
11 08 11
12 01 4
12 02 7
12 03 6
12 04 7
12 05 7
12 06 8
12 07 11
12 08 11
13 01 6
13 02 6
13 03 7
13 04 5
13 05 8
13 06 10
13 07 10
13 08 11
14 01 5
14 02 7
14 03 10
14 04 8
14 05 7
14 06 11
14 07 9
14 08 12
15 01 6
15 02 8
15 03 9
15 04 7
15 05 9
15 06 10
15 07 12
15 08 12
16 01 6
16 02 8
16 03 7
16 04 12
16 05 10
16 06 9
16 07 10
16 08 12
17 01 9
17 02 10
17 03 7
17 04 10
17 05 11
17 06 11
17 07 12
17 08 12
18 01 7
18 02 11
18 03 11
18 04 12
18 05 11
18 06 11
18 07 14
18 08 14
19 01 9
19 02 8
19 03 7
19 04 12
19 05 10
19 06 12
19 07 12
19 08 11
20 01 8
20 02 9
20 03 11
20 04 11
20 05 11
20 06 13
20 07 14
20 08 13
21 01 7
21 02 11
21 03 14
21 04 12
21 05 14
21 06 10
21 07 15
21 08 12
22 01 7
22 02 12
22 03 13
22 04 17
22 05 14
22 06 11
22 07 16
22 08 12
23 01 12
23 02 12
23 03 12
23 04 13
23 05 11
23 06 15
23 07 13
23 08 13
24 01 11
24 02 13
24 03 14
24 04 13
24 05 12
24 06 16
24 07 11
24 08 18
25 01 11
25 02 14
25 03 16
25 04 14
25 05 15
25 06 15
25 07 16
25 08 15
26 01 12
26 02 11
26 03 13
26 04 11
26 05 16
26 06 18
26 07 15
26 08 19
27 01 12
27 02 12
27 03 14
27 04 17
27 05 14
27 06 14
27 07 13
27 08 18
28 01 16
28 02 15
28 03 18
28 04 16
28 05 17
28 06 17
28 07 19
28 08 13
29 01 12
29 02 15
29 03 15
29 04 17
29 05 19
29 06 15
29 07 16
29 08 17
30 01 12
30 02 19
30 03 17
30 04 16
30 05 18
30 06 21
30 07 23
30 08 16
31 01 15
31 02 15
31 03 18
31 04 16
31 05 20
31 06 19
31 07 21
31 08 21
32 01 13
32 02 20
32 03 22
32 04 18
32 05 18
32 06 20
32 07 19
32 08 18
33 01 17
33 02 17
33 03 17
33 04 18
33 05 19
33 06 21
33 07 21
33 08 19
34 01 14
34 02 19
34 03 17
34 04 19
34 05 20
34 06 21
34 07 24
34 08 22
35 01 14
35 02 18
35 03 24
35 04 20
35 05 17
35 06 22
35 07 21
35 08 22
36 01 17
36 02 19
36 03 20
36 04 23
36 05 21
36 06 22
36 07 22
36 08 24
37 01 14
37 02 21
37 03 24
37 04 21
37 05 23
37 06 22
37 07 23
37 08 20
38 01 15
38 02 20
38 03 22
38 04 22
38 05 25
38 06 23
38 07 24
38 08 23
39 01 18
39 02 18
39 03 22
39 04 26
39 05 28
39 06 25
39 07 25
39 08 23
