01 01 1
02 01 2
02 02 1
03 01 3
03 02 3
03 03 1
04 01 4
04 02 6
04 03 1
04 04 1
05 01 3
05 02 6
05 03 3
05 04 1
05 05 1
06 01 2
06 02 2
06 03 9
06 04 1
06 05 1
06 06 1
07 01 4
07 02 12
07 03 19
07 04 5
07 05 1
07 06 1
07 07 1
08 01 1
08 02 15
08 03 5
08 04 34
08 05 56
08 06 6
08 07 1
08 08 1
09 01 12
09 02 15
09 03 25
09 04 19
09 05 14
09 06 1
09 07 8
09 08 1
10 01 16
10 02 12
10 03 28
10 04 25
10 05 54
10 06 21
10 07 8
10 08 1
11 01 4
11 02 5
11 03 5
11 04 84
11 05 3
11 06 84
11 07 8
11 08 1
12 01 32
12 02 8
12 03 40
12 04 82
12 05 121
12 06 70
12 07 8
12 08 9
13 01 10
13 02 27
13 03 65
13 04 285
13 05 126
13 06 55
13 07 119
13 08 42
14 01 14
14 02 2
14 03 9
14 04 62
14 05 616
14 06 76
14 07 755
14 08 15
15 01 36
15 02 33
15 03 12
15 04 180
15 05 186
15 06 51
15 07 120
15 08 56
16 01 30
16 02 245
16 03 198
16 04 2
16 05 318
16 06 771
16 07 1267
16 08 417
17 01 24
17 02 135
17 03 483
17 04 15
17 05 64
17 06 211
17 07 596
17 08 455
18 01 72
18 02 45
18 03 20
18 04 4
18 05 50
18 06 358
18 07 73
18 08 494
19 01 16
19 02 429
19 03 1256
19 04 82
19 05 394
19 06 67
19 07 1525
19 08 6435
20 01 45
20 02 126
20 03 60
20 04 128
20 05 665
20 06 714
20 07 57
20 08 1338
21 01 192
21 02 36
21 03 99
21 04 92
21 05 307
21 06 10435
21 07 3
21 08 9163
22 01 48
22 02 216
22 03 213
22 04 6
22 05 192
22 06 6012
22 07 47
22 08 5005
23 01 14
23 02 64
23 03 784
23 04 166
23 05 87
23 06 829
23 07 3050
23 08 5841
24 01 24
24 02 162
24 03 63
24 04 86
24 05 1884
24 06 102
24 07 10975
24 08 25
25 01 528
25 02 51
25 03 22
25 04 7
25 05 36
25 06 573
25 07 1808
25 08 1022
26 01 16
26 02 6870
26 03 2061
26 04 2236
26 05 631
26 06 6
26 07 6381
26 08 3271
27 01 80
27 02 513
27 03 6032
27 04 1725
27 05 7654
27 06 1939
27 07 16520
27 08 12905
28 01 1
28 02 60
28 03 796
28 04 36599
28 05 786
28 06 2979
28 07 140
28 08 162549
29 01 1680
29 02 693
29 03 60
29 04 994
29 05 15
29 06 24603
29 07 2536
29 08 892
30 01 240
30 02 96
30 03 269
30 04 38155
30 05 205
30 06 2520
30 07 1254
30 08 23308
31 01 8
31 02 13248
31 03 4590
31 04 15050
31 05 562
31 06 262
31 07 8
31 08 8
32 01 36
32 02 36
32 03 186
32 04 1611
32 05 210
32 06 1651
32 07 81
32 08 9923
33 01 144
33 02 13950
33 03 20181
33 04 871
33 05 4605
33 06 12175
33 07 15162
33 08 50175
34 01 224
34 02 448
34 03 420
34 04 1470
34 05 444
34 06 1317
34 07 285
34 08 15668
35 01 3360
35 02 255
35 03 440
35 04 1095
35 05 201450
35 06 1470
35 07 1145
35 08 212677
36 01 540
36 02 16038
36 03 360
36 04 591
36 05 66285
36 06 8110
36 07 57951
36 08 644
37 01 7168
37 02 1782
37 03 576
37 04 327620
37 05 20
37 06 15144
37 07 53278
37 08 342584
38 01 3744
38 02 400
38 03 900
38 04 32619
38 05 2916
38 06 20518
38 07 24843
38 08 275022
39 01 72
39 02 1824
39 03 34800
39 04 35904
39 05 30
39 06 315
39 07 156
39 08 12370
