NMec = 98513
T = 19
P = 1
Profits ignored
Solution time = 2.438e-05
Maximum possible tasks = 8
Solutions = 12
Task data
   16  30     1    -1
   16 187     1    -1
   19  27     1     0
   33  45     1     0
   36 159     1    -1
   50 146     1    -1
   55 183     1    -1
   57  62     1     0
   57  80     1    -1
   78  98     1     0
  105 116     1    -1
  106 110     1    -1
  107 117     1     0
  143 150     1     0
  144 163     1    -1
  147 152     1    -1
  152 162     1     0
  164 181     1    -1
  171 182     1     0
End
