NMec = 98513
T = 20
P = 1
Profits ignored
Solution time = 5.045e-05
Maximum possible tasks = 7
Solutions = 150
Task data
    8 190     1    -1
   14 170     1    -1
   23  29     1    -1
   26  48     1     0
   30 152     1    -1
   43  59     1    -1
   49  58     1    -1
   55  60     1     0
   77  87     1    -1
   82  88     1     0
  117 122     1     0
  125 141     1    -1
  127 164     1    -1
  129 144     1     0
  143 158     1    -1
  145 155     1    -1
  154 174     1     0
  176 191     1    -1
  186 189     1    -1
  186 198     1     0
End
