NMec = 98513
T = 22
P = 1
Profits ignored
Solution time = 1.839e-04
Maximum possible tasks = 9
Solutions = 72
Task data
    2 101     1    -1
    9  89     1    -1
   10  37     1    -1
   13  41     1    -1
   32  43     1     0
   46  57     1    -1
   51  70     1     0
   74  87     1    -1
   80 102     1    -1
   82  91     1    -1
   84  92     1     0
   95 104     1    -1
   96  98     1     0
   99 109     1     0
  133 141     1    -1
  134 151     1     0
  156 170     1     0
  161 178     1    -1
  169 193     1    -1
  173 184     1    -1
  176 192     1     0
  198 206     1     0
End
