NMec = 98513
T = 23
P = 5
Profits ignored
Solution time = 9.691e-03
Maximum possible tasks = 12
Solutions = 210
Task data
    1  36     1    -1
    3  28     1    -1
    4  11     1     0
    4  18     1     1
    7  16     1     2
    9  15     1     3
   10  33     1    -1
   11  34     1    -1
   13  31     1    -1
   13  31     1    -1
   14  17     1     0
   15  26     1     4
   15  37     1    -1
   18  32     1    -1
   19  26     1     0
   21  39     1    -1
   21  42     1    -1
   22  43     1    -1
   23  35     1     1
   26  36     1     2
   28  38     1     0
   29  45     1     3
   31  39     1     4
End
