NMec = 98513
T = 23
P = 3
Profits ignored
Solution time = 2.758e-03
Maximum possible tasks = 11
Solutions = 1683
Task data
    0  20     1    -1
    1  11     1     0
    3  24     1    -1
    7  21     1    -1
   13  22     1    -1
   13  26     1    -1
   15  35     1    -1
   15  52     1    -1
   17  23     1     0
   17  27     1     1
   18  40     1     2
   26  36     1     0
   30  44     1    -1
   30  49     1    -1
   31  44     1    -1
   34  53     1    -1
   35  51     1    -1
   38  54     1     0
   40  45     1     1
   42  52     1     2
   49  61     1     1
   56  68     1     0
   65  74     1     1
End
