NMec = 98513
T = 24
P = 3
Profits ignored
Solution time = 1.710e-02
Maximum possible tasks = 15
Solutions = 180
Task data
    1   7     1     0
    2   3     1     1
    6  76     1    -1
    7  17     1    -1
    7  22     1    -1
    9  20     1     0
    9  32     1     1
   12  15     1     2
   21  40     1     0
   24  49     1    -1
   30  43     1     2
   34  38     1     1
   38  77     1    -1
   40  52     1    -1
   42  52     1     0
   42  66     1    -1
   43  53     1     1
   52  64     1     2
   54  69     1    -1
   57  78     1    -1
   63  68     1     0
   64  74     1     1
   65  79     1     2
   69  76     1     0
End
