NMec = 98513
T = 25
P = 4
Profits ignored
Solution time = 1.286e-02
Maximum possible tasks = 14
Solutions = 120
Task data
    0   3     1     0
    2  15     1    -1
    2  44     1    -1
    3   5     1     1
    3   8     1     2
    5  62     1    -1
    6  61     1    -1
    7  39     1    -1
    8  23     1     0
   10  29     1     1
   12  34     1    -1
   13  21     1     2
   15  34     1     3
   17  39     1    -1
   20  37     1    -1
   22  32     1     2
   23  45     1    -1
   30  42     1    -1
   31  33     1     0
   32  40     1    -1
   33  46     1     1
   33  47     1     2
   34  47     1     0
   35  53     1     3
   53  60     1     0
End
