NMec = 98513
T = 25
P = 2
Profits ignored
Solution time = 3.403e-03
Maximum possible tasks = 13
Solutions = 81
Task data
    1   8     1    -1
    1 124     1    -1
    2   7     1     0
    3  15     1    -1
    3  18     1    -1
    6   8     1     1
    9 120     1    -1
   12  21     1    -1
   13  21     1     0
   15  22     1     1
   15  91     1    -1
   22  39     1     0
   30  49     1     1
   33  54     1    -1
   42  56     1     0
   50  61     1     1
   64  66     1     0
   65  82     1    -1
   65  89     1    -1
   74  82     1    -1
   77  85     1     0
   79  88     1     1
   82 107     1    -1
  102 119     1     0
  106 122     1     1
End
