NMec = 98513
T = 25
P = 3
Profits ignored
Solution time = 1.327e-02
Maximum possible tasks = 13
Solutions = 806
Task data
    0  82     1    -1
    6  18     1    -1
   14  21     1    -1
   15  21     1     0
   16  32     1     1
   18  23     1     2
   22  51     1    -1
   25  40     1     0
   31  34     1     2
   34  47     1    -1
   36  51     1    -1
   37  49     1    -1
   37  52     1    -1
   38  48     1     1
   46  53     1     0
   46  57     1     2
   47  68     1    -1
   48  68     1    -1
   49  65     1     1
   54  67     1    -1
   57  75     1    -1
   63  71     1     0
   63  74     1     2
   66  75     1     1
   72  80     1     0
End
