NMec = 98513
T = 26
P = 8
Profits ignored
Solution time = 2.984e-01
Maximum possible tasks = 18
Solutions = 120
Task data
    0  12     1     0
    0  16     1     1
    0  20     1    -1
    2   9     1     2
    2  11     1     3
    4  15     1     4
    4  20     1    -1
    5  20     1     5
    5  24     1    -1
    6  27     1    -1
    7  16     1     6
    7  25     1    -1
    8  24     1    -1
    9  21     1     7
   10  25     1    -1
   14  21     1     0
   17  27     1    -1
   17  27     1     1
   17  28     1     2
   18  24     1     3
   19  29     1     4
   20  29     1     6
   21  29     1     5
   23  27     1     0
   24  32     1     7
   26  31     1     3
End
