NMec = 98513
T = 26
P = 6
Profits ignored
Solution time = 4.950e-02
Maximum possible tasks = 12
Solutions = 5151
Task data
    0   9     1     0
    0  27     1    -1
    1   5     1     1
    1  16     1    -1
    1  33     1    -1
    2  35     1    -1
    3  16     1    -1
    3  23     1    -1
    4  14     1     2
    5  12     1     3
    5  15     1    -1
    6  17     1    -1
    6  24     1    -1
    7  22     1    -1
    7  32     1    -1
    7  42     1    -1
   10  16     1    -1
   10  27     1    -1
   11  15     1     0
   12  20     1     1
   13  39     1     3
   14  34     1     4
   14  41     1     5
   15  22     1     2
   25  40     1     0
   27  37     1     1
End
