NMec = 98513
T = 26
P = 1
Profits ignored
Solution time = 2.971e-03
Maximum possible tasks = 13
Solutions = 32
Task data
    0   4     1     0
    3 211     1    -1
    6  12     1     0
    8 192     1    -1
   35  47     1     0
   43  62     1    -1
   57  71     1     0
   86  95     1    -1
   89  95     1     0
  102 113     1    -1
  112 114     1     0
  118 135     1     0
  124 190     1    -1
  137 141     1     0
  150 154     1    -1
  153 158     1     0
  169 173     1    -1
  169 190     1    -1
  170 180     1    -1
  172 179     1     0
  180 205     1     0
  208 233     1    -1
  212 222     1    -1
  214 235     1    -1
  222 223     1     0
  233 239     1     0
End
