NMec = 98513
T = 26
P = 5
Profits ignored
Solution time = 1.360e-01
Maximum possible tasks = 16
Solutions = 2380
Task data
    0  24     1    -1
    2  50     1    -1
    3  22     1    -1
    5  12     1     0
    5  23     1    -1
    8  27     1    -1
    9  15     1     1
   10  29     1    -1
   12  23     1     2
   13  29     1    -1
   13  29     1     0
   15  34     1     3
   16  26     1     1
   21  29     1     4
   24  39     1    -1
   25  41     1     2
   26  44     1    -1
   27  39     1     1
   31  36     1     0
   35  44     1     3
   35  48     1    -1
   35  50     1     4
   37  46     1     0
   41  51     1     1
   44  49     1     2
   45  50     1     3
End
