NMec = 98513
T = 26
P = 2
Profits ignored
Solution time = 1.748e-02
Maximum possible tasks = 16
Solutions = 15
Task data
    0 127     1    -1
    2  24     1    -1
    8  25     1    -1
   13  51     1    -1
   14  15     1     0
   15  98     1    -1
   20  28     1     0
   21  36     1     1
   34  44     1     0
   45  57     1     0
   47  57     1     1
   66  72     1     0
   72  77     1     1
   78  81     1     0
   86  96     1    -1
   89 103     1     0
   93 109     1     1
   93 114     1    -1
  103 129     1    -1
  105 117     1     0
  112 114     1     1
  112 122     1    -1
  112 129     1    -1
  118 125     1     0
  119 122     1     1
  125 126     1     1
End
