NMec = 98513
T = 26
P = 4
Profits ignored
Solution time = 2.678e-02
Maximum possible tasks = 13
Solutions = 108
Task data
    0   9     1     0
    3  17     1    -1
    4  11     1     1
    5  15     1    -1
    5  31     1    -1
    6  14     1     2
    7  17     1     3
    7  32     1    -1
    9  27     1    -1
    9  56     1    -1
   11  28     1    -1
   12  25     1     0
   13  24     1     1
   18  38     1    -1
   19  26     1     2
   19  39     1    -1
   22  33     1     3
   23  37     1    -1
   23  46     1    -1
   26  36     1     0
   29  55     1    -1
   30  44     1    -1
   31  43     1     1
   32  41     1     2
   34  43     1     3
   38  45     1     0
End
