NMec = 98513
T = 27
P = 3
Profits ignored
Solution time = 3.446e-02
Maximum possible tasks = 15
Solutions = 291
Task data
    1   8     1     0
    6  14     1     1
    8  28     1    -1
    9  43     1    -1
   11  18     1    -1
   11  58     1    -1
   12  24     1    -1
   12  85     1    -1
   13  25     1    -1
   15  30     1    -1
   16  25     1     0
   17  27     1     1
   18  38     1     2
   22  41     1    -1
   29  39     1     0
   35  44     1     1
   40  52     1     0
   41  49     1     2
   46  51     1     1
   47  73     1    -1
   51  62     1     2
   53  73     1    -1
   56  71     1    -1
   58  68     1     0
   61  77     1     1
   68  76     1     2
   71  73     1     0
End
