NMec = 98513
T = 27
P = 1
Profits ignored
Solution time = 6.218e-04
Maximum possible tasks = 10
Solutions = 252
Task data
   10  32     1    -1
   12  23     1    -1
   18  41     1    -1
   21  41     1     0
   36 239     1    -1
   39  51     1    -1
   44  64     1    -1
   50  61     1     0
   62  70     1     0
   79  85     1     0
   81 105     1    -1
   86 105     1    -1
   95 157     1    -1
   96 111     1    -1
  105 113     1     0
  111 118     1    -1
  115 120     1    -1
  116 131     1     0
  144 162     1    -1
  147 168     1    -1
  155 161     1     0
  161 230     1    -1
  187 256     1    -1
  214 229     1    -1
  219 225     1     0
  245 253     1     0
  261 267     1     0
End
