NMec = 98513
T = 27
P = 5
Profits ignored
Solution time = 4.084e-02
Maximum possible tasks = 13
Solutions = 1615
Task data
    0  51     1    -1
    1  21     1    -1
    1  38     1    -1
    1  45     1    -1
    4  45     1    -1
    6  38     1    -1
    8  18     1     0
    8  22     1    -1
    9  36     1    -1
   10  20     1     1
   11  33     1    -1
   14  34     1     2
   15  33     1     3
   18  34     1     4
   20  37     1     0
   21  31     1     1
   23  41     1    -1
   28  45     1    -1
   29  50     1    -1
   32  43     1    -1
   33  41     1    -1
   34  42     1     1
   35  40     1     2
   36  48     1     3
   38  45     1     0
   39  46     1     4
   41  45     1     2
End
