NMec = 98513
T = 28
P = 3
Profits ignored
Solution time = 1.103e-01
Maximum possible tasks = 17
Solutions = 264
Task data
    3  21     1    -1
    6  14     1     0
   11  24     1     1
   13  34     1    -1
   15  20     1     0
   15  29     1     2
   19  86     1    -1
   23  38     1     0
   25  47     1    -1
   26  47     1    -1
   27  32     1     1
   32  44     1     2
   38  52     1    -1
   41  55     1     0
   42  50     1     1
   48  57     1     2
   51  85     1    -1
   55  72     1    -1
   57  62     1     0
   60  78     1    -1
   61  66     1     1
   61  73     1    -1
   64  76     1     0
   65  87     1    -1
   67  93     1     1
   70  79     1     2
   80  89     1     0
   83  93     1     2
End
