NMec = 98513
T = 28
P = 2
Profits ignored
Solution time = 4.734e-02
Maximum possible tasks = 15
Solutions = 1010
Task data
    0  19     1    -1
    0  20     1    -1
    1  11     1    -1
    8  16     1    -1
   10  15     1     0
   11  23     1     1
   21  38     1     0
   23  43     1    -1
   32  48     1    -1
   36  47     1    -1
   39  56     1     0
   40  49     1     1
   43  59     1    -1
   45  60     1    -1
   59  67     1     0
   59  73     1     1
   64  84     1    -1
   73  81     1     0
   77  83     1     1
   78  99     1    -1
   83  88     1    -1
   85  99     1     0
   86 106     1     1
  106 113     1     0
  109 117     1    -1
  113 121     1     1
  115 127     1     0
  124 128     1     1
End
