NMec = 98513
T = 28
P = 7
Profits ignored
Solution time = 1.507e-01
Maximum possible tasks = 14
Solutions = 6552
Task data
    0  19     1     0
    0  36     1    -1
    6  25     1    -1
    7  21     1    -1
    8  20     1    -1
    8  22     1    -1
    9  14     1     1
    9  20     1    -1
    9  23     1    -1
   10  27     1    -1
   12  20     1     2
   12  35     1    -1
   13  21     1     3
   13  22     1     4
   13  23     1     5
   13  37     1    -1
   14  27     1    -1
   15  29     1    -1
   16  35     1    -1
   17  37     1    -1
   20  23     1     0
   20  25     1     1
   20  36     1     6
   23  36     1     2
   23  38     1     3
   24  33     1     0
   24  37     1     4
   24  37     1     5
End
