NMec = 98513
T = 28
P = 5
Profits ignored
Solution time = 1.869e-01
Maximum possible tasks = 17
Solutions = 20
Task data
    0  54     1    -1
    1  10     1     0
    4  20     1    -1
    5  15     1     1
    6  53     1    -1
    7  20     1    -1
    8  11     1     2
    8  14     1     3
    8  21     1    -1
    8  28     1    -1
    9  24     1     4
   11  44     1    -1
   12  36     1    -1
   14  21     1     0
   15  42     1     2
   18  38     1     1
   20  34     1     3
   26  35     1     0
   27  38     1     4
   27  51     1    -1
   31  48     1    -1
   33  52     1    -1
   39  45     1     0
   39  47     1     1
   42  49     1     3
   42  52     1     4
   45  51     1     2
   50  55     1     0
End
