NMec = 98513
T = 29
P = 8
Profits ignored
Solution time = 5.232e-01
Maximum possible tasks = 16
Solutions = 4655
Task data
    1  21     1    -1
    1  22     1    -1
    1  22     1    -1
    1  33     1    -1
    4  16     1    -1
    4  21     1    -1
    5  16     1     0
    5  30     1    -1
    6  17     1    -1
    8  18     1     1
   10  15     1     2
   10  29     1    -1
   11  14     1     3
   11  24     1    -1
   11  29     1    -1
   12  34     1    -1
   13  14     1     4
   13  26     1    -1
   13  35     1     5
   13  35     1     6
   14  35     1     7
   15  23     1     3
   16  31     1     2
   17  22     1     0
   17  31     1     4
   20  22     1     1
   24  25     1     0
   28  36     1     0
   31  36     1     1
End
