NMec = 98513
T = 29
P = 4
Profits ignored
Solution time = 2.145e-01
Maximum possible tasks = 17
Solutions = 24
Task data
    4  16     1     0
    6  12     1     1
    8  21     1    -1
    8  57     1    -1
    9  24     1     2
   10  20     1     3
   13  26     1     1
   16  36     1    -1
   16  38     1    -1
   18  34     1     0
   19  39     1    -1
   25  30     1     2
   25  34     1     3
   27  45     1    -1
   32  45     1     1
   34  44     1     2
   36  60     1    -1
   37  53     1    -1
   38  62     1    -1
   39  48     1     0
   39  52     1     3
   39  60     1    -1
   44  67     1    -1
   45  55     1     2
   48  61     1    -1
   48  67     1     1
   49  65     1     0
   54  60     1     3
   60  67     1     2
End
