NMec = 98513
T = 29
P = 3
Profits ignored
Solution time = 2.058e-01
Maximum possible tasks = 17
Solutions = 1692
Task data
    2  18     1    -1
    3  10     1     0
    5  19     1     1
    9  16     1     2
   10  34     1    -1
   19  25     1     0
   21  38     1    -1
   23  41     1    -1
   25  31     1     1
   25  38     1     2
   27  43     1     0
   36  53     1     1
   40  65     1    -1
   45  91     1    -1
   52  67     1    -1
   53  66     1    -1
   53  74     1    -1
   54  63     1    -1
   54  72     1    -1
   55  78     1     0
   58  61     1     1
   61  73     1     2
   67  75     1     1
   71  93     1    -1
   76  87     1     1
   83  95     1     0
   85  91     1     2
   91  93     1     1
   95  96     1     1
End
