NMec = 98513
T = 29
P = 5
Profits ignored
Solution time = 5.541e-01
Maximum possible tasks = 20
Solutions = 128
Task data
    1   8     1     0
    1  55     1    -1
    2  13     1     1
    3  18     1     2
    7  26     1    -1
    7  46     1    -1
    9  56     1    -1
   11  17     1     0
   11  24     1     3
   12  38     1    -1
   13  27     1    -1
   19  33     1     0
   19  54     1    -1
   20  25     1     1
   20  27     1     2
   22  30     1     4
   25  31     1     3
   29  42     1    -1
   29  43     1    -1
   32  40     1     1
   33  36     1     2
   33  46     1     3
   35  39     1     0
   35  40     1     4
   38  56     1     2
   47  53     1     0
   48  57     1     1
   50  56     1     3
   52  55     1     4
End
