NMec = 98513
T = 30
P = 1
Profits ignored
Solution time = 4.141e-03
Maximum possible tasks = 13
Solutions = 42
Task data
   13  29     1     0
   16 186     1    -1
   25 271     1    -1
   36  55     1    -1
   46  60     1     0
   67  72     1     0
   73 272     1    -1
   80  88     1     0
  112 125     1     0
  124 140     1    -1
  128 137     1    -1
  128 143     1    -1
  129 140     1     0
  130 176     1    -1
  139 147     1    -1
  141 154     1     0
  169 190     1     0
  182 195     1    -1
  193 207     1     0
  227 242     1     0
  235 247     1    -1
  237 249     1    -1
  239 253     1    -1
  244 248     1     0
  256 264     1    -1
  259 272     1    -1
  261 275     1    -1
  262 268     1     0
  275 289     1    -1
  278 294     1     0
End
