NMec = 98513
T = 30
P = 8
Profits ignored
Solution time = 2.981e+00
Maximum possible tasks = 21
Solutions = 16
Task data
    0   8     1     0
    1   4     1     1
    1  11     1     2
    1  17     1     3
    2  21     1    -1
    2  22     1    -1
    3  16     1     4
    3  20     1    -1
    4  17     1     5
    4  19     1    -1
    5  15     1     1
    6   9     1     6
    6  20     1    -1
    7  24     1    -1
    9  10     1     0
    9  28     1    -1
    9  33     1    -1
    9  36     1    -1
   10  21     1     6
   10  27     1     7
   14  20     1     0
   16  23     1     1
   17  36     1     2
   18  24     1     3
   18  27     1     4
   18  32     1     5
   22  35     1     0
   24  33     1     1
   25  32     1     3
   26  32     1     6
End
