NMec = 98513
T = 30
P = 3
Profits ignored
Solution time = 2.090e-01
Maximum possible tasks = 17
Solutions = 1520
Task data
    1   7     1     0
    1  22     1    -1
    1  82     1    -1
    3  92     1    -1
   10  21     1    -1
   10  25     1    -1
   12  22     1    -1
   12  27     1     0
   20  22     1     1
   20  27     1     2
   22  42     1    -1
   24  40     1    -1
   28  37     1     0
   28  48     1    -1
   29  50     1    -1
   31  48     1     1
   34  53     1     2
   36  85     1    -1
   37  65     1    -1
   45  66     1     0
   54  59     1     1
   62  80     1     1
   63  72     1     2
   73  80     1     0
   73  95     1    -1
   74  90     1     2
   83  86     1     0
   89  94     1     0
   90  96     1     1
   97  98     1     0
End
