NMec = 98513
T = 31
P = 1
Profits ignored
Solution time = 1.672e-02
Maximum possible tasks = 15
Solutions = 152
Task data
    4  19     1     0
   37  41     1     0
   39  59     1    -1
   43  69     1    -1
   44  69     1    -1
   51  55     1     0
   52  74     1    -1
   53  71     1    -1
   58  72     1    -1
   64  76     1     0
   78  89     1     0
   91 110     1    -1
  107 113     1     0
  118 136     1     0
  136 150     1    -1
  142 148     1     0
  156 167     1     0
  172 182     1    -1
  181 189     1     0
  185 209     1    -1
  198 209     1    -1
  204 230     1     0
  226 236     1    -1
  229 241     1    -1
  231 248     1    -1
  235 248     1     0
  241 251     1    -1
  249 253     1     0
  257 284     1    -1
  262 282     1     0
  290 299     1     0
End
