NMec = 98513
T = 31
P = 5
Profits ignored
Solution time = 9.356e-01
Maximum possible tasks = 16
Solutions = 23633
Task data
    0  56     1    -1
    1  10     1     0
    1  15     1     1
    2  20     1    -1
    2  20     1     2
    3  19     1     3
    3  60     1    -1
   10  24     1    -1
   14  25     1    -1
   14  28     1    -1
   16  32     1    -1
   16  33     1    -1
   17  39     1     0
   18  43     1     1
   20  28     1     3
   20  35     1     4
   23  28     1     2
   25  46     1    -1
   26  48     1    -1
   29  48     1    -1
   30  53     1    -1
   31  50     1    -1
   32  41     1     2
   32  46     1     3
   39  55     1    -1
   40  49     1    -1
   40  61     1     0
   44  48     1     1
   44  60     1     2
   45  55     1     4
   48  60     1     3
End
