NMec = 98513
T = 31
P = 8
Profits ignored
Solution time = 3.131e+00
Maximum possible tasks = 19
Solutions = 441
Task data
    0  10     1     0
    0  16     1    -1
    3  35     1    -1
    4   7     1     1
    4  27     1    -1
    7  18     1     2
    7  19     1    -1
    8  13     1     1
    8  19     1     3
    8  20     1     4
    8  29     1    -1
   10  26     1    -1
   10  32     1    -1
   11  14     1     0
   11  22     1     5
   11  23     1    -1
   12  17     1     6
   12  23     1    -1
   12  23     1     7
   12  31     1    -1
   13  31     1    -1
   16  31     1    -1
   17  30     1     0
   18  28     1     1
   18  37     1     6
   19  26     1     2
   20  32     1     3
   22  37     1     4
   23  34     1     5
   24  38     1     7
   29  33     1     1
End
