NMec = 98513
T = 31
P = 2
Profits ignored
Solution time = 4.282e-01
Maximum possible tasks = 19
Solutions = 360
Task data
    1   7     1     0
    6  22     1    -1
    7  27     1     1
   15  22     1     0
   27  51     1    -1
   30  44     1    -1
   41  42     1     0
   41  54     1     1
   43  61     1     0
   53  67     1    -1
   57  68     1     1
   57  76     1    -1
   60 150     1    -1
   63  80     1     0
   69  71     1     1
   70  87     1    -1
   76  89     1    -1
   81 100     1     0
   86 104     1     1
  104 121     1    -1
  105 108     1     0
  108 120     1     1
  111 132     1    -1
  112 115     1     0
  117 133     1    -1
  118 131     1     0
  122 132     1     1
  140 154     1    -1
  141 142     1     0
  148 154     1     0
  150 151     1     1
End
