NMec = 98513
T = 32
P = 6
Profits ignored
Solution time = 6.124e-01
Maximum possible tasks = 17
Solutions = 188
Task data
    0  52     1    -1
    2  20     1    -1
    2  48     1    -1
    4  28     1    -1
    7  14     1     0
    7  29     1    -1
    8  26     1    -1
    8  43     1    -1
    9  37     1    -1
   11  19     1     1
   11  26     1    -1
   12  36     1    -1
   13  30     1    -1
   14  23     1     2
   15  24     1     0
   16  23     1     3
   17  39     1    -1
   17  49     1    -1
   19  22     1     4
   19  26     1     5
   19  28     1    -1
   22  38     1    -1
   23  30     1     1
   23  39     1     4
   26  42     1     0
   27  31     1     2
   27  37     1     3
   27  49     1     5
   32  41     1     1
   37  45     1     2
   41  49     1     3
   45  49     1     0
End
