NMec = 98513
T = 32
P = 5
Profits ignored
Solution time = 3.853e+00
Maximum possible tasks = 20
Solutions = 2415
Task data
    1  19     1    -1
    1  22     1    -1
    1  53     1    -1
    2  18     1    -1
    3  13     1     0
    4  16     1     1
    5  15     1     2
    9  30     1    -1
   11  12     1     3
   11  18     1     4
   13  19     1     3
   13  29     1    -1
   14  18     1     0
   15  26     1    -1
   17  34     1    -1
   19  28     1    -1
   19  40     1    -1
   21  29     1     0
   21  31     1     1
   23  33     1     2
   24  34     1     3
   25  34     1     4
   26  44     1    -1
   32  44     1     0
   32  47     1    -1
   34  40     1     1
   38  49     1     2
   39  54     1     3
   41  55     1     1
   42  58     1     4
   45  62     1     0
   54  62     1     2
End
