NMec = 98513
T = 32
P = 1
Profits ignored
Solution time = 2.859e-03
Maximum possible tasks = 13
Solutions = 24
Task data
    0 180     1    -1
    4  19     1    -1
    7   9     1     0
   13  24     1     0
   13 319     1    -1
   18 277     1    -1
   19 233     1    -1
   22  41     1    -1
   27  39     1    -1
   28  34     1    -1
   33  44     1     0
   54  71     1     0
   71  96     1    -1
   74 239     1    -1
   80  98     1     0
  102 283     1    -1
  112 128     1    -1
  113 127     1     0
  131 148     1     0
  157 161     1     0
  159 163     1    -1
  159 183     1    -1
  162 171     1     0
  169 186     1    -1
  185 193     1     0
  227 281     1    -1
  237 241     1     0
  243 269     1    -1
  264 287     1    -1
  265 281     1     0
  278 293     1    -1
  289 298     1     0
End
