NMec = 98513
T = 32
P = 3
Profits ignored
Solution time = 1.994e+00
Maximum possible tasks = 19
Solutions = 8280
Task data
    4  15     1     0
    5   8     1     1
    7 106     1    -1
   19  28     1    -1
   20  32     1    -1
   23  32     1    -1
   26  37     1     0
   27  28     1     1
   27  40     1     2
   39  54     1     0
   46  58     1    -1
   49  58     1     1
   49  59     1     2
   51  60     1    -1
   57  65     1     0
   57  69     1    -1
   59  60     1     1
   60  69     1     2
   64  82     1    -1
   67  75     1    -1
   68  72     1    -1
   68  74     1     0
   69  88     1     1
   71  78     1     2
   79  82     1     0
   81  90     1    -1
   82  89     1    -1
   83  92     1    -1
   84  94     1     0
   87  89     1     2
   89  97     1     1
   97 102     1     0
End
