NMec = 98513
T = 32
P = 2
Profits ignored
Solution time = 2.685e-01
Maximum possible tasks = 18
Solutions = 896
Task data
    0 159     1    -1
   10  19     1    -1
   10  22     1    -1
   12  17     1    -1
   12  24     1     0
   15  35     1     1
   24  46     1    -1
   30  38     1     0
   36  45     1     1
   40  49     1    -1
   43  65     1    -1
   45  56     1     0
   49  55     1     1
   57  66     1    -1
   58  70     1     0
   58  78     1     1
   66 138     1    -1
   71  92     1    -1
   76  86     1     0
   81  89     1    -1
   84  93     1     1
   87  96     1    -1
   88 106     1     0
   94  96     1     1
  103 152     1    -1
  110 118     1     0
  110 127     1    -1
  117 141     1     1
  121 123     1     0
  135 148     1     0
  143 144     1     1
  148 151     1     1
End
