NMec = 98513
T = 32
P = 8
Profits ignored
Solution time = 2.885e+00
Maximum possible tasks = 17
Solutions = 52395
Task data
    0  34     1    -1
    1   2     1     0
    1  13     1     1
    2  24     1    -1
    2  33     1    -1
    3  21     1    -1
    4  21     1    -1
    6  32     1    -1
    7  19     1    -1
    8  17     1     0
   10  22     1    -1
   10  28     1    -1
   10  29     1    -1
   11  18     1     2
   11  24     1    -1
   11  30     1    -1
   11  31     1    -1
   13  26     1    -1
   14  21     1    -1
   14  27     1     1
   17  22     1     3
   17  23     1     4
   17  24     1     5
   18  34     1     0
   18  35     1     6
   18  38     1     7
   19  29     1     2
   24  30     1     3
   24  35     1     4
   26  34     1     5
   28  36     1     1
   32  39     1     2
End
