NMec = 98513
T = 32
P = 4
Profits ignored
Solution time = 1.202e+00
Maximum possible tasks = 19
Solutions = 5313
Task data
    2  10     1    -1
    2  62     1    -1
    2  73     1    -1
    3  14     1    -1
    4  10     1     0
    4  13     1     1
    4  23     1    -1
    4  65     1    -1
    5  19     1     2
    7  25     1    -1
    8  15     1     3
   13  26     1    -1
   14  26     1    -1
   15  22     1     0
   15  36     1    -1
   16  25     1     1
   18  38     1     3
   22  40     1     2
   24  35     1     0
   29  40     1     1
   36  52     1     0
   40  56     1    -1
   42  56     1    -1
   43  57     1     1
   50  68     1    -1
   53  67     1     0
   54  61     1     2
   56  61     1     3
   58  59     1     1
   61  62     1     1
   63  72     1     1
   65  73     1     2
End
