NMec = 98513
T = 33
P = 8
Profits ignored
Solution time = 1.252e+01
Maximum possible tasks = 21
Solutions = 333
Task data
    0  10     1     0
    1  22     1     1
    2  12     1     2
    2  13     1     3
    3  41     1    -1
    4  17     1     4
    5  19     1     5
    6  41     1    -1
    8  13     1     6
    9  30     1    -1
    9  37     1    -1
   10  28     1    -1
   10  34     1    -1
   11  16     1     0
   11  29     1     7
   12  41     1    -1
   14  28     1     2
   15  24     1     3
   18  28     1     0
   18  38     1    -1
   20  36     1    -1
   21  30     1     4
   23  36     1    -1
   23  40     1    -1
   24  36     1    -1
   24  40     1     1
   25  34     1     3
   25  35     1     5
   26  35     1     6
   30  35     1     0
   31  41     1     2
   32  41     1     4
   33  39     1     7
End
