NMec = 98513
T = 33
P = 6
Profits ignored
Solution time = 3.137e+00
Maximum possible tasks = 17
Solutions = 71971
Task data
    0  24     1    -1
    0  40     1    -1
    0  51     1    -1
    1   5     1     0
    1  10     1     1
    2  18     1    -1
    3  23     1    -1
    7  25     1    -1
    7  25     1    -1
    7  40     1    -1
    8  17     1     0
    9  21     1     2
   10  23     1     3
   12  19     1     1
   13  37     1    -1
   14  18     1     4
   14  24     1     5
   16  32     1    -1
   18  26     1     0
   19  42     1    -1
   21  33     1    -1
   21  42     1    -1
   23  37     1    -1
   24  36     1    -1
   24  44     1    -1
   25  43     1     1
   25  51     1     2
   28  35     1     0
   29  34     1     3
   29  46     1     4
   29  49     1     5
   35  47     1     3
   51  52     1     0
End
