NMec = 98513
T = 33
P = 4
Profits ignored
Solution time = 2.793e+00
Maximum possible tasks = 19
Solutions = 7115
Task data
    1  54     1    -1
    1  76     1    -1
    3   8     1     0
    5  10     1     1
    6  15     1    -1
    6  17     1     2
    7  21     1    -1
    7  27     1    -1
   10  18     1     0
   11  14     1     1
   12  13     1     3
   15  27     1    -1
   17  30     1    -1
   18  29     1    -1
   19  72     1    -1
   20  26     1     0
   20  29     1     1
   20  31     1     2
   20  33     1     3
   25  80     1    -1
   28  30     1     0
   30  44     1    -1
   30  44     1    -1
   30  79     1    -1
   31  65     1     0
   36  41     1     1
   38  40     1     2
   39  55     1     3
   45  80     1    -1
   58  76     1     1
   61  80     1     2
   62  79     1     3
   68  77     1     0
End
