NMec = 98513
T = 34
P = 2
Profits ignored
Solution time = 9.183e-01
Maximum possible tasks = 19
Solutions = 6210
Task data
    5  15     1     0
    5  29     1    -1
    8 145     1    -1
   12  22     1    -1
   15  24     1     1
   20  29     1     0
   31  44     1    -1
   33 169     1    -1
   36  54     1     0
   38  46     1     1
   45  67     1    -1
   47  54     1     1
   55  65     1     0
   61  69     1     1
   74  83     1    -1
   74  85     1    -1
   75  84     1     0
   76  82     1     1
   87  99     1    -1
   87 113     1    -1
   94 111     1     0
   95 105     1     1
  102 123     1    -1
  104 132     1    -1
  105 155     1    -1
  115 125     1     0
  119 135     1     1
  128 152     1    -1
  134 149     1    -1
  135 151     1     0
  138 146     1     1
  153 162     1     0
  158 159     1     1
  160 168     1     1
End
