NMec = 98513
T = 34
P = 1
Profits ignored
Solution time = 9.343e-02
Maximum possible tasks = 17
Solutions = 320
Task data
    9  23     1    -1
   14  22     1     0
   30  39     1     0
   37  47     1    -1
   39  51     1    -1
   44  50     1     0
   54  61     1     0
   74 100     1    -1
   80  99     1    -1
   85  90     1    -1
   89  93     1     0
  104 118     1     0
  133 141     1    -1
  135 139     1     0
  149 157     1     0
  158 175     1    -1
  160 176     1    -1
  167 172     1    -1
  169 185     1     0
  188 209     1    -1
  194 216     1    -1
  200 209     1    -1
  207 213     1    -1
  207 216     1     0
  220 236     1     0
  240 252     1     0
  240 257     1    -1
  251 262     1    -1
  256 262     1     0
  271 275     1     0
  282 293     1    -1
  286 291     1     0
  293 308     1     0
  332 336     1     0
End
