NMec = 98513
T = 35
P = 5
Profits ignored
Solution time = 1.786e+01
Maximum possible tasks = 19
Solutions = 1352736
Task data
    1  12     1     0
    2   6     1     1
    6  27     1    -1
    7  22     1    -1
    8  25     1    -1
    9  26     1     1
   16  23     1     0
   18  27     1     2
   20  28     1     3
   22  30     1     4
   22  49     1    -1
   24  44     1    -1
   27  41     1    -1
   29  39     1    -1
   29  41     1    -1
   30  40     1     0
   33  48     1    -1
   33  55     1    -1
   34  48     1     1
   38  47     1     2
   39  43     1     3
   39  51     1     4
   40  53     1    -1
   40  56     1    -1
   42  50     1     0
   44  62     1    -1
   45  67     1    -1
   46  62     1    -1
   46  62     1    -1
   49  55     1     1
   49  62     1     2
   52  55     1     0
   52  57     1     3
   53  68     1     4
   56  66     1     0
End
