NMec = 98513
T = 35
P = 4
Profits ignored
Solution time = 1.999e+01
Maximum possible tasks = 20
Solutions = 459515
Task data
    1  23     1    -1
    3  21     1    -1
    6  20     1    -1
    7  13     1    -1
    8  11     1     0
    9  21     1    -1
   10  14     1     1
   11  26     1     2
   13  21     1     0
   13  24     1     3
   15  37     1    -1
   22  43     1    -1
   27  37     1    -1
   30  37     1     0
   31  47     1     1
   34  42     1     2
   34  58     1    -1
   37  44     1     3
   40  59     1    -1
   40  61     1    -1
   43  65     1    -1
   44  53     1    -1
   44  58     1     0
   45  54     1     2
   46  47     1     3
   49  53     1     1
   51  62     1     3
   54  68     1    -1
   57  60     1     1
   58  73     1    -1
   65  74     1     0
   66  74     1     1
   66  84     1     2
   68  70     1     3
   74  82     1     3
End
