NMec = 98513
T = 35
P = 6
Profits ignored
Solution time = 1.566e+01
Maximum possible tasks = 22
Solutions = 902
Task data
    0  55     1    -1
    1  15     1     0
    2  24     1     1
    2  57     1    -1
    6  49     1    -1
    7  12     1     2
    7  28     1    -1
    7  51     1    -1
   12  31     1     3
   13  19     1     2
   14  18     1     4
   14  21     1     5
   14  34     1    -1
   19  46     1    -1
   21  43     1    -1
   21  50     1    -1
   23  36     1    -1
   23  42     1     0
   24  34     1     2
   26  33     1     1
   26  34     1     4
   26  35     1     5
   28  55     1    -1
   33  42     1     3
   36  48     1    -1
   38  40     1     1
   38  49     1    -1
   40  54     1     2
   41  47     1     1
   41  50     1     4
   45  58     1     0
   46  51     1     3
   47  57     1     5
   48  54     1     1
   51  56     1     4
End
