NMec = 98513
T = 35
P = 8
Profits ignored
Solution time = 2.990e+01
Maximum possible tasks = 22
Solutions = 664
Task data
    0  42     1    -1
    1   2     1     0
    1  10     1     1
    2  12     1     2
    2  23     1    -1
    3  12     1     0
    3  21     1    -1
    5  19     1    -1
    6  26     1     3
    7  24     1     4
    7  25     1     5
    8  26     1     6
   10  19     1     7
   11  21     1     1
   11  30     1    -1
   11  37     1    -1
   13  39     1    -1
   14  27     1    -1
   15  18     1     0
   15  30     1     2
   15  43     1    -1
   16  36     1    -1
   17  35     1    -1
   19  32     1    -1
   19  36     1    -1
   21  28     1     0
   21  38     1     7
   23  39     1     1
   25  35     1     4
   26  40     1     5
   27  36     1     3
   27  39     1     6
   29  31     1     0
   31  39     1     2
   33  39     1     0
End
