NMec = 98513
T = 36
P = 8
Profits ignored
Solution time = 1.101e+02
Maximum possible tasks = 25
Solutions = 882
Task data
    0   3     1     0
    0  28     1    -1
    1  18     1    -1
    1  42     1    -1
    2   5     1     1
    2  33     1    -1
    3  10     1     2
    4  16     1     0
    5  15     1     3
    6  16     1     1
    6  18     1     4
    7   9     1     5
    8  15     1     6
    8  17     1     7
    9  41     1    -1
   10  21     1     5
   12  17     1     2
   14  30     1    -1
   15  26     1    -1
   16  20     1     3
   18  39     1    -1
   19  28     1     0
   20  28     1     1
   22  25     1     2
   22  35     1    -1
   22  35     1    -1
   22  35     1    -1
   24  39     1     3
   25  34     1     4
   25  35     1     5
   25  36     1     6
   25  43     1     7
   26  36     1     2
   29  37     1     0
   33  39     1     1
   40  44     1     0
End
