NMec = 98513
T = 36
P = 5
Profits ignored
Solution time = 1.503e+01
Maximum possible tasks = 21
Solutions = 4284
Task data
    1  62     1    -1
    2   3     1     0
    2   3     1     1
    2  17     1     2
    2  42     1    -1
    2  70     1    -1
    6   9     1     0
    8  27     1    -1
   11  29     1    -1
   11  34     1    -1
   12  17     1     0
   13  31     1     1
   16  37     1     3
   19  26     1     0
   19  29     1     2
   19  67     1    -1
   26  47     1     4
   26  60     1    -1
   28  36     1     0
   31  43     1     2
   32  40     1     1
   33  60     1    -1
   36  61     1    -1
   39  58     1    -1
   43  53     1    -1
   44  62     1    -1
   45  66     1    -1
   45  67     1    -1
   46  61     1     0
   49  51     1     1
   50  56     1     2
   51  56     1     3
   51  64     1     4
   56  59     1     1
   57  65     1     2
   57  66     1     3
End
