NMec = 98513
T = 37
P = 4
Profits ignored
Solution time = 1.260e+01
Maximum possible tasks = 22
Solutions = 6888
Task data
    1  16     1     0
    1  21     1     1
    2  79     1    -1
   12  33     1    -1
   13  24     1     2
   17  78     1    -1
   20  32     1     0
   23  34     1     1
   23  47     1    -1
   25  38     1     2
   26  34     1     3
   27  45     1    -1
   33  49     1    -1
   35  56     1    -1
   36  46     1    -1
   37  51     1    -1
   39  49     1    -1
   41  54     1    -1
   41  60     1    -1
   42  46     1     0
   42  54     1     1
   43  52     1     2
   45  53     1     3
   47  62     1    -1
   51  55     1     0
   51  76     1    -1
   54  63     1    -1
   54  68     1     2
   55  58     1     1
   56  68     1     0
   59  76     1     1
   62  70     1     3
   70  84     1     0
   71  76     1     2
   76  88     1     3
   77  78     1     1
   80  92     1     1
End
