NMec = 98513
T = 37
P = 7
Profits ignored
Solution time = 2.759e+01
Maximum possible tasks = 19
Solutions = 413598
Task data
    0  29     1    -1
    1  14     1    -1
    1  36     1    -1
    2  12     1    -1
    2  15     1    -1
    2  24     1     0
    3  12     1     1
    4  33     1    -1
    5  16     1     2
    5  44     1    -1
    6  34     1    -1
    7  26     1     3
    7  33     1    -1
    7  45     1    -1
    8  44     1    -1
    9  20     1     4
    9  22     1     5
    9  29     1     6
   13  17     1     1
   13  33     1    -1
   16  37     1    -1
   17  36     1    -1
   18  33     1    -1
   20  35     1     1
   21  52     1    -1
   23  49     1    -1
   24  39     1    -1
   27  37     1     0
   27  44     1     2
   30  41     1     3
   31  40     1     4
   33  41     1     5
   33  52     1     6
   36  37     1     1
   38  47     1     0
   38  48     1     1
   41  49     1     4
End
