NMec = 98513
T = 38
P = 6
Profits ignored
Solution time = 5.645e+01
Maximum possible tasks = 25
Solutions = 15
Task data
    0   8     1     0
    0  60     1    -1
    1  55     1    -1
    2   9     1     1
    3   4     1     2
    4  21     1     3
    5  18     1     2
    5  54     1    -1
    6  19     1     4
    7  13     1     5
    7  31     1    -1
    7  63     1    -1
    9  15     1     0
    9  28     1    -1
   10  34     1    -1
   11  14     1     1
   11  26     1    -1
   11  38     1    -1
   15  26     1     1
   16  30     1    -1
   16  62     1    -1
   17  28     1    -1
   17  34     1     0
   19  33     1     2
   20  28     1     4
   22  40     1     3
   25  42     1     5
   25  51     1    -1
   28  41     1     1
   35  47     1     0
   38  51     1     2
   38  56     1     4
   41  46     1     3
   42  57     1     1
   45  52     1     5
   52  62     1     0
   54  63     1     2
   57  59     1     3
End
