NMec = 98513
T = 38
P = 4
Profits ignored
Solution time = 1.104e+01
Maximum possible tasks = 19
Solutions = 20069
Task data
    0   6     1     0
    0  13     1     1
    1  12     1     2
    1  16     1     3
    5  28     1    -1
   10  17     1     0
   10  87     1    -1
   13  23     1     2
   16  25     1     1
   16  90     1    -1
   17  37     1    -1
   19  31     1     0
   21  29     1     3
   22  35     1    -1
   23  41     1    -1
   24  36     1    -1
   24  48     1    -1
   26  38     1    -1
   26  53     1    -1
   28  48     1    -1
   29  38     1    -1
   30  40     1     1
   30  53     1     2
   31  41     1     3
   35  52     1     0
   51  57     1     1
   58  78     1    -1
   63  78     1    -1
   66  77     1    -1
   69  76     1    -1
   70  77     1    -1
   70  83     1    -1
   71  86     1    -1
   72  77     1     0
   72  83     1     1
   72  86     1     2
   74  76     1     3
   81  88     1     0
End
