NMec = 98513
T = 39
P = 5
Profits ignored
Solution time = 9.602e+01
Maximum possible tasks = 23
Solutions = 2545
Task data
    2   4     1     0
    2  70     1    -1
    3  24     1    -1
    6  14     1     0
    7  26     1    -1
    8  65     1    -1
    9  23     1    -1
   10  19     1     1
   11  26     1    -1
   15  28     1    -1
   16  41     1    -1
   17  25     1     0
   19  24     1     2
   19  26     1     3
   19  38     1    -1
   19  39     1     4
   22  34     1     1
   22  47     1    -1
   26  52     1    -1
   27  43     1     0
   31  69     1    -1
   32  38     1     2
   33  43     1     3
   40  68     1    -1
   41  47     1     1
   43  55     1     2
   45  51     1     0
   46  55     1     3
   46  69     1    -1
   47  56     1     4
   48  64     1     1
   51  69     1    -1
   55  69     1    -1
   57  72     1     0
   61  73     1     2
   61  76     1     3
   63  70     1     4
   65  71     1     1
   72  74     1     1
End
