NMec = 98513
T = 39
P = 6
Profits ignored
Solution time = 2.553e+02
Maximum possible tasks = 24
Solutions = 16937
Task data
    0   4     1     0
    0  21     1    -1
    1  22     1     1
    2  31     1    -1
    3  26     1    -1
    3  51     1    -1
    3  59     1    -1
    7  15     1     0
   10  33     1     2
   12  38     1    -1
   13  36     1     3
   16  33     1     0
   18  28     1     4
   19  24     1     5
   23  31     1     1
   24  41     1    -1
   27  42     1    -1
   31  64     1    -1
   32  57     1    -1
   33  43     1    -1
   34  39     1     0
   35  44     1    -1
   35  47     1     1
   36  41     1     2
   37  45     1     3
   37  49     1     4
   38  41     1     5
   38  57     1    -1
   39  63     1    -1
   41  50     1     0
   42  51     1     2
   43  53     1     5
   47  57     1    -1
   49  59     1     1
   49  59     1     3
   50  63     1     4
   56  64     1     0
   57  60     1     2
   57  64     1     5
End
