NMec = 98498
T = 20
P = 1
Profits ignored
Solution time = 5.153e-05
Maximum possible tasks = 8
Solutions = 96
Task data
    1   5     1     0
    2 177     1    -1
   12  15     1     0
   30  50     1    -1
   40  51     1     0
   73  90     1    -1
   79  86     1     0
  104 114     1    -1
  109 126     1    -1
  113 119     1    -1
  113 122     1     0
  115 123     1    -1
  123 132     1     0
  138 161     1    -1
  141 167     1    -1
  154 161     1    -1
  159 172     1    -1
  161 172     1    -1
  161 174     1     0
  178 189     1     0
End
