NMec = 98498
T = 23
P = 1
Profits ignored
Solution time = 4.349e-04
Maximum possible tasks = 10
Solutions = 120
Task data
    1 227     1    -1
    9  13     1     0
   41  47     1     0
   42  54     1    -1
   47  58     1    -1
   51  56     1     0
   61  70     1    -1
   65  66     1     0
   75  93     1    -1
   81  96     1     0
   99 112     1     0
  113 123     1    -1
  115 125     1    -1
  120 125     1     0
  141 165     1    -1
  161 167     1     0
  161 177     1    -1
  175 177     1    -1
  175 187     1     0
  177 200     1    -1
  180 194     1    -1
  193 198     1    -1
  194 201     1     0
End
