NMec = 98498
T = 23
P = 4
Profits ignored
Solution time = 1.566e-02
Maximum possible tasks = 14
Solutions = 998
Task data
    6  13     1    -1
    6  21     1     0
    8  11     1     1
    8  19     1     2
   12  25     1     1
   13  22     1     3
   18  44     1    -1
   23  44     1    -1
   24  32     1     0
   24  36     1    -1
   25  35     1     2
   27  44     1     1
   30  51     1    -1
   31  46     1     3
   32  50     1    -1
   34  44     1     0
   39  49     1    -1
   39  56     1    -1
   44  57     1    -1
   46  50     1     0
   46  54     1     1
   47  55     1     2
   49  53     1     3
End
