NMec = 98498
T = 23
P = 3
Profits ignored
Solution time = 1.072e-03
Maximum possible tasks = 11
Solutions = 115
Task data
    2  50     1    -1
    6  33     1    -1
    6  47     1    -1
    7  53     1    -1
    7  62     1    -1
   12  21     1     0
   13  31     1    -1
   17  25     1     1
   19  31     1    -1
   24  34     1     0
   24  38     1    -1
   30  42     1     1
   31  48     1     2
   31  52     1    -1
   33  49     1    -1
   38  41     1     0
   40  65     1    -1
   43  65     1    -1
   46  49     1     0
   49  56     1     1
   49  69     1     2
   53  55     1     0
   62  72     1     0
End
