NMec = 98498
T = 23
P = 2
Profits ignored
Solution time = 6.896e-04
Maximum possible tasks = 11
Solutions = 16
Task data
   19 109     1    -1
   21  28     1     0
   35 108     1    -1
   40  47     1     0
   51  72     1     0
   57  76     1    -1
   70  76     1     1
   72  82     1    -1
   73  80     1     0
   74  88     1    -1
   78  94     1    -1
   80  87     1     1
   82  92     1     0
   83 103     1    -1
   83 106     1    -1
   85  93     1    -1
   90  94     1    -1
   91  99     1     1
   93 103     1     0
   96 109     1    -1
  101 108     1    -1
  105 110     1     0
  106 109     1     1
End
