NMec = 98498
T = 24
P = 2
Profits ignored
Solution time = 1.273e-03
Maximum possible tasks = 12
Solutions = 120
Task data
    2  93     1    -1
    4  27     1    -1
    6  18     1    -1
    9  33     1    -1
   10  28     1     0
   10  35     1    -1
   18  33     1     1
   34  41     1     0
   34  51     1     1
   39  66     1    -1
   45 111     1    -1
   46  52     1     0
   51  64     1    -1
   52  63     1     1
   60  85     1    -1
   63  82     1     0
   64  75     1     1
   79  91     1    -1
   80 100     1    -1
   84  85     1     0
   86 100     1    -1
   88  95     1     0
   89 108     1     1
  106 117     1     0
End
