NMec = 98498
T = 24
P = 3
Profits ignored
Solution time = 1.983e-03
Maximum possible tasks = 12
Solutions = 414
Task data
    4  71     1    -1
    8  65     1    -1
   10  18     1     0
   12  65     1    -1
   15  22     1     1
   16  36     1    -1
   20  34     1    -1
   22  48     1    -1
   25  32     1    -1
   26  32     1    -1
   29  32     1     0
   31  39     1     1
   32  47     1     2
   33  55     1    -1
   36  41     1     0
   38  48     1    -1
   39  53     1    -1
   39  57     1    -1
   43  50     1     0
   45  48     1     1
   48  68     1     2
   53  69     1     0
   56  65     1     1
   70  76     1     0
End
