NMec = 98498
T = 24
P = 5
Profits ignored
Solution time = 2.203e-02
Maximum possible tasks = 14
Solutions = 1960
Task data
    0  10     1    -1
    1   8     1    -1
    2  12     1     0
    3  16     1     1
    4  15     1     2
    4  30     1    -1
    5  16     1     3
    7  23     1    -1
    8  22     1     4
    9  23     1    -1
   11  36     1    -1
   13  36     1    -1
   14  23     1    -1
   16  46     1    -1
   18  29     1    -1
   18  34     1     0
   19  30     1     1
   20  28     1     2
   22  38     1     3
   23  41     1     4
   29  39     1     2
   36  44     1     0
   36  45     1     1
   39  42     1     3
End
