NMec = 98498
T = 24
P = 8
Profits ignored
Solution time = 3.850e-02
Maximum possible tasks = 13
Solutions = 26369
Task data
    0  25     1    -1
    1  11     1     0
    2  26     1    -1
    4  26     1    -1
    5  14     1     1
    5  25     1    -1
    5  25     1    -1
    6  20     1    -1
    6  25     1    -1
    8  19     1    -1
    8  22     1    -1
    8  24     1    -1
    9  20     1    -1
   10  20     1     2
   10  24     1     3
   10  28     1     4
   10  29     1     5
   14  18     1     0
   14  28     1     6
   16  24     1     1
   17  19     1     7
   20  29     1     0
   21  25     1     2
   24  29     1     7
End
