NMec = 98498
T = 24
P = 1
Profits ignored
Solution time = 2.491e-04
Maximum possible tasks = 11
Solutions = 48
Task data
   27 238     1    -1
   28  31     1     0
   35 233     1    -1
   39  46     1    -1
   42 166     1    -1
   45  46     1     0
   50  73     1    -1
   54  72     1    -1
   56  68     1    -1
   63  83     1     0
   85  98     1     0
   91 100     1    -1
   93 103     1    -1
   99 101     1     0
  101 119     1    -1
  108 118     1     0
  142 156     1     0
  173 182     1    -1
  177 188     1    -1
  179 191     1     0
  198 208     1     0
  210 216     1     0
  217 225     1    -1
  222 239     1     0
End
