NMec = 98498
T = 25
P = 2
Profits ignored
Solution time = 9.593e-04
Maximum possible tasks = 13
Solutions = 54
Task data
    1   8     1     0
    1  18     1    -1
    1 112     1    -1
    4  23     1     1
    4 119     1    -1
    6  80     1    -1
    8 116     1    -1
   12 122     1    -1
   14  25     1     0
   28  41     1    -1
   31  39     1    -1
   33  40     1     0
   34  36     1     1
   37  45     1     1
   42  60     1    -1
   47  63     1     0
   49 115     1    -1
   50  73     1    -1
   52  66     1     1
   67  75     1    -1
   69  79     1     0
   72  73     1     1
   85  90     1     0
  102 114     1     0
  110 117     1     1
End
