NMec = 98498
T = 25
P = 8
Profits ignored
Solution time = 1.260e-01
Maximum possible tasks = 18
Solutions = 259
Task data
    1  14     1     0
    1  16     1     1
    2   5     1     2
    2  28     1    -1
    3  16     1     3
    6  21     1    -1
    7  11     1     2
    7  23     1    -1
    8  13     1     4
    8  19     1    -1
    8  23     1    -1
    9  27     1    -1
   11  19     1    -1
   11  22     1     5
   12  20     1     2
   13  25     1     6
   13  27     1     7
   14  17     1     4
   17  18     1     0
   17  26     1     1
   17  31     1     3
   18  29     1     4
   20  29     1     0
   25  31     1     2
   29  30     1     1
End
