NMec = 98498
T = 26
P = 5
Profits ignored
Solution time = 3.501e-02
Maximum possible tasks = 13
Solutions = 3521
Task data
    8  21     1    -1
    9  13     1     0
    9  19     1    -1
    9  34     1    -1
   10  27     1    -1
   10  28     1    -1
   11  19     1     1
   11  33     1     2
   15  23     1     0
   15  37     1    -1
   17  36     1    -1
   17  37     1    -1
   18  27     1     3
   19  25     1     4
   19  43     1    -1
   21  34     1     1
   22  40     1    -1
   23  46     1    -1
   27  34     1     0
   29  44     1    -1
   31  40     1    -1
   31  43     1     3
   32  37     1     4
   35  47     1     0
   36  42     1     1
   36  46     1     2
End
