NMec = 98498
T = 26
P = 6
Profits ignored
Solution time = 1.055e-01
Maximum possible tasks = 14
Solutions = 37510
Task data
    1  18     1    -1
    1  20     1    -1
    6  40     1    -1
    7  12     1     0
    9  22     1    -1
   11  25     1    -1
   13  18     1    -1
   13  18     1     0
   13  21     1    -1
   14  35     1    -1
   15  20     1     1
   15  21     1     2
   15  25     1     3
   16  32     1     4
   17  40     1    -1
   18  21     1     5
   20  24     1     0
   20  35     1    -1
   21  41     1    -1
   23  40     1    -1
   24  34     1     1
   25  39     1     0
   29  37     1     2
   29  42     1     3
   32  37     1     5
   33  41     1     4
End
