NMec = 98498
T = 26
P = 4
Profits ignored
Solution time = 4.549e-02
Maximum possible tasks = 15
Solutions = 1652
Task data
    0  63     1    -1
    6  13     1     0
   10  23     1    -1
   11  20     1     1
   15  34     1     0
   18  26     1     2
   19  44     1    -1
   20  26     1     3
   21  37     1    -1
   28  40     1    -1
   28  41     1    -1
   29  49     1    -1
   30  48     1     1
   31  43     1     2
   35  50     1     0
   36  58     1    -1
   37  44     1     3
   37  63     1    -1
   43  54     1    -1
   45  47     1     2
   45  52     1    -1
   46  52     1     3
   48  61     1     2
   51  59     1     0
   51  61     1     1
   53  61     1     3
End
