NMec = 98498
T = 27
P = 7
Profits ignored
Solution time = 2.042e-01
Maximum possible tasks = 17
Solutions = 10
Task data
    1  11     1     0
    1  27     1    -1
    2  10     1     1
    2  15     1    -1
    2  19     1     2
    2  24     1    -1
    3  10     1     3
    4  34     1    -1
    8  18     1     4
    8  20     1     5
    9  22     1    -1
    9  23     1    -1
   10  20     1     6
   10  31     1    -1
   11  26     1    -1
   13  18     1     0
   13  36     1    -1
   14  37     1    -1
   15  23     1     1
   15  24     1     3
   19  29     1     0
   20  36     1     2
   20  37     1     4
   21  35     1     5
   22  36     1     6
   24  37     1     1
   27  38     1     3
End
