NMec = 98498
T = 27
P = 3
Profits ignored
Solution time = 2.767e-02
Maximum possible tasks = 16
Solutions = 32
Task data
    3  17     1     0
    3  23     1    -1
    4  15     1     1
    5  68     1    -1
    9  20     1     2
   12  24     1    -1
   17  27     1     1
   19  25     1     0
   24  35     1     2
   29  55     1     0
   36  58     1     1
   37  59     1    -1
   46  82     1    -1
   47  64     1    -1
   48  73     1    -1
   49  60     1     2
   54  80     1    -1
   55  70     1    -1
   56  64     1    -1
   56  72     1     0
   59  63     1     1
   61  63     1     2
   70  78     1     1
   75  85     1    -1
   75  87     1     0
   79  86     1     1
   80  87     1     2
End
