NMec = 98498
T = 27
P = 5
Profits ignored
Solution time = 1.086e-01
Maximum possible tasks = 15
Solutions = 4921
Task data
    0  48     1    -1
    3  17     1     0
    4  10     1     1
    4  22     1    -1
    5  27     1    -1
    5  41     1    -1
    6  20     1    -1
    8  11     1     2
    8  20     1    -1
   10  26     1     3
   13  32     1     1
   15  30     1     2
   15  40     1    -1
   17  32     1     4
   19  23     1     0
   24  41     1    -1
   27  32     1     0
   27  51     1    -1
   29  44     1    -1
   29  51     1    -1
   31  51     1    -1
   34  48     1     0
   38  49     1     1
   39  44     1     2
   40  43     1     3
   40  46     1     4
   45  52     1     2
End
