NMec = 98498
T = 27
P = 1
Profits ignored
Solution time = 1.445e-03
Maximum possible tasks = 14
Solutions = 6
Task data
    7  15     1     0
    8  26     1    -1
   13  26     1    -1
   15  26     1    -1
   19  27     1     0
   26 247     1    -1
   31  47     1    -1
   32  58     1    -1
   42  47     1     0
   63  83     1    -1
   63 146     1    -1
   66  85     1     0
   92 114     1     0
  111 132     1    -1
  121 143     1    -1
  123 128     1     0
  139 153     1     0
  159 173     1     0
  174 178     1     0
  179 191     1     0
  189 214     1    -1
  194 200     1     0
  198 211     1    -1
  201 216     1     0
  227 236     1     0
  232 244     1    -1
  241 243     1     0
End
