NMec = 98498
T = 27
P = 6
Profits ignored
Solution time = 4.368e-01
Maximum possible tasks = 19
Solutions = 1261
Task data
    0   3     1     0
    1  23     1    -1
    3   6     1     1
    3  15     1    -1
    4  12     1     0
    4  28     1    -1
    5  13     1     2
    7  20     1    -1
    8  28     1    -1
   10  16     1     1
   10  20     1     3
   11  31     1     4
   12  25     1     5
   14  32     1     0
   15  19     1     2
   15  34     1    -1
   19  28     1     1
   22  36     1    -1
   26  39     1    -1
   28  31     1     2
   28  38     1     3
   30  40     1     1
   32  33     1     2
   32  37     1     4
   33  42     1     0
   33  43     1     5
   37  42     1     2
End
