NMec = 98498
T = 27
P = 4
Profits ignored
Solution time = 5.915e-02
Maximum possible tasks = 16
Solutions = 376
Task data
    2  18     1     0
    3   8     1     1
    3  13     1     2
    3  13     1     3
    4  22     1    -1
   11  50     1    -1
   12  30     1    -1
   12  60     1    -1
   15  24     1    -1
   16  22     1    -1
   17  28     1     1
   18  27     1     2
   18  36     1     3
   21  40     1     0
   24  44     1    -1
   24  47     1    -1
   31  42     1     1
   33  47     1    -1
   35  49     1    -1
   37  43     1    -1
   40  47     1     2
   41  44     1     0
   42  56     1     3
   43  60     1     1
   47  52     1     0
   52  61     1     2
   53  65     1     0
End
