NMec = 98498
T = 27
P = 2
Profits ignored
Solution time = 6.576e-03
Maximum possible tasks = 14
Solutions = 27
Task data
    1  96     1    -1
    4  10     1     0
   10  24     1    -1
   13 126     1    -1
   15  41     1    -1
   18  31     1     0
   20  26     1     1
   27  37     1     1
   35  43     1     0
   37  54     1    -1
   38  56     1     1
   47 134     1    -1
   49  71     1    -1
   52  63     1     0
   57  80     1    -1
   61  67     1     1
   68  79     1     0
   68  92     1     1
   93 105     1    -1
   93 122     1    -1
   96 113     1     0
   99 124     1    -1
  101 109     1     1
  105 122     1    -1
  112 124     1    -1
  114 123     1     0
  116 128     1     1
End
