NMec = 98498
T = 27
P = 8
Profits ignored
Solution time = 3.162e-01
Maximum possible tasks = 18
Solutions = 4328
Task data
    1  10     1    -1
    1  13     1     0
    2  15     1    -1
    2  30     1    -1
    3  10     1     1
    3  14     1    -1
    3  22     1    -1
    3  23     1    -1
    4  24     1    -1
    5   7     1     2
    5  14     1    -1
    5  16     1    -1
    5  22     1     3
    5  25     1     4
    5  27     1     5
    6  32     1     6
    7  18     1     7
    8  17     1     2
   11  15     1     1
   14  16     1     0
   16  30     1     1
   18  24     1     0
   19  22     1     2
   19  31     1     7
   23  31     1     2
   24  31     1     3
   30  31     1     0
End
