NMec = 98498
T = 28
P = 7
Profits ignored
Solution time = 2.739e-01
Maximum possible tasks = 16
Solutions = 1860
Task data
    1   9     1     0
    1  15     1    -1
    1  24     1    -1
    2  10     1     1
    2  30     1    -1
    3  29     1    -1
    6  28     1    -1
    6  29     1    -1
    7  32     1    -1
    8  32     1    -1
    9  15     1     2
   11  19     1     0
   11  29     1     1
   12  19     1     3
   12  26     1     4
   12  27     1     5
   12  34     1    -1
   14  24     1     6
   15  31     1    -1
   16  39     1    -1
   17  34     1    -1
   23  34     1     0
   24  33     1     2
   25  34     1     3
   26  36     1     6
   28  35     1     4
   28  39     1     5
   30  39     1     1
End
