NMec = 98498
T = 28
P = 5
Profits ignored
Solution time = 2.480e-01
Maximum possible tasks = 17
Solutions = 540
Task data
    0  38     1    -1
    1   7     1     0
    3  16     1     1
    3  18     1     2
    4   8     1     3
    5  17     1     4
   10  24     1     0
   11  17     1     3
   11  28     1    -1
   11  32     1    -1
   18  51     1    -1
   19  31     1    -1
   19  40     1    -1
   21  35     1     1
   23  27     1     2
   24  49     1    -1
   25  47     1    -1
   26  36     1     0
   27  36     1     3
   27  40     1     4
   28  49     1    -1
   28  50     1    -1
   37  55     1    -1
   39  53     1     0
   40  47     1     1
   41  51     1     2
   45  53     1     3
   46  51     1     4
End
