NMec = 98498
T = 28
P = 3
Profits ignored
Solution time = 6.949e-02
Maximum possible tasks = 16
Solutions = 136
Task data
    1  10     1     0
    8  67     1    -1
   12  20     1     0
   12  23     1     1
   15  23     1     2
   23  24     1     0
   24  45     1    -1
   28  42     1     0
   28  55     1    -1
   30  36     1     1
   34  41     1     2
   45  63     1    -1
   48  67     1    -1
   49  57     1     0
   51  76     1     1
   53  64     1     2
   56  85     1    -1
   65  80     1     0
   66  87     1    -1
   67  85     1    -1
   68  87     1    -1
   69  83     1    -1
   70  90     1    -1
   73  92     1    -1
   74  81     1     2
   78  88     1     1
   81  92     1     0
   83  90     1     2
End
