NMec = 98498
T = 28
P = 2
Profits ignored
Solution time = 2.844e-02
Maximum possible tasks = 15
Solutions = 36
Task data
    0  12     1    -1
    2  15     1    -1
    3   5     1     0
    3  17     1     1
    9  22     1     0
   27  51     1    -1
   29  44     1     0
   43  56     1     1
   46  67     1    -1
   48  55     1     0
   51  73     1    -1
   57  65     1     0
   58  81     1    -1
   60  69     1     1
   71  97     1    -1
   78  84     1    -1
   79  91     1     0
   80  90     1     1
  102 125     1    -1
  105 108     1     0
  106 116     1     1
  107 120     1    -1
  112 127     1    -1
  113 118     1     0
  113 120     1    -1
  113 126     1    -1
  118 127     1     1
  120 138     1     0
End
