NMec = 98498
T = 29
P = 3
Profits ignored
Solution time = 1.697e-01
Maximum possible tasks = 18
Solutions = 348
Task data
    0  12     1     0
   11  17     1     1
   12  13     1     2
   14  38     1    -1
   15  91     1    -1
   16  26     1    -1
   17  26     1     0
   21  28     1     1
   24  33     1     2
   27  45     1    -1
   29  39     1    -1
   29  68     1    -1
   30  44     1     0
   30  49     1    -1
   32  38     1     1
   37  54     1     2
   43  49     1     1
   47  61     1     0
   58  66     1    -1
   58  75     1    -1
   59  67     1     1
   60  70     1     2
   63  74     1     0
   65  93     1    -1
   71  84     1     1
   73  93     1    -1
   76  96     1     0
   80  91     1     2
   87  93     1     1
End
