NMec = 98498
T = 29
P = 4
Profits ignored
Solution time = 1.975e-01
Maximum possible tasks = 17
Solutions = 601
Task data
    1  26     1    -1
    6   9     1     0
    7  29     1    -1
   11  26     1    -1
   12  28     1    -1
   13  20     1     0
   14  58     1    -1
   15  32     1     1
   17  27     1     2
   17  41     1    -1
   18  22     1     3
   19  68     1    -1
   27  35     1     0
   28  47     1    -1
   30  33     1     2
   30  68     1    -1
   33  52     1    -1
   34  38     1     1
   35  48     1     2
   36  48     1     0
   38  49     1     3
   39  66     1    -1
   44  62     1     1
   45  67     1    -1
   52  58     1     0
   55  65     1     2
   55  69     1     3
   60  67     1     0
   63  68     1     1
End
