NMec = 98498
T = 29
P = 7
Profits ignored
Solution time = 6.822e-01
Maximum possible tasks = 19
Solutions = 27
Task data
    1  12     1     0
    1  37     1    -1
    2  25     1    -1
    3  10     1     1
    4   9     1     2
    4  40     1    -1
    5  16     1     3
    6  22     1     4
    8  17     1     5
   10  24     1    -1
   10  31     1    -1
   11  19     1     1
   11  23     1     2
   13  16     1     0
   13  39     1    -1
   14  27     1    -1
   15  34     1    -1
   17  34     1    -1
   18  23     1     0
   18  25     1    -1
   18  37     1     3
   19  20     1     5
   19  29     1     6
   20  38     1     1
   22  38     1     5
   23  41     1     4
   24  31     1     0
   24  37     1     2
   30  35     1     6
End
