NMec = 98498
T = 29
P = 1
Profits ignored
Solution time = 4.990e-03
Maximum possible tasks = 14
Solutions = 270
Task data
   17  26     1    -1
   18 170     1    -1
   22  31     1     0
   24  37     1    -1
   28  32     1    -1
   32  39     1     0
   54  60     1     0
   65  74     1     0
   79  82     1    -1
   81  98     1     0
   98 104     1    -1
  101 110     1     0
  116 123     1    -1
  117 128     1    -1
  120 129     1     0
  120 225     1    -1
  159 185     1    -1
  164 178     1    -1
  177 196     1     0
  191 209     1    -1
  203 212     1     0
  216 223     1    -1
  220 238     1     0
  234 254     1    -1
  240 252     1     0
  248 257     1    -1
  254 264     1     0
  268 269     1     0
  273 286     1     0
End
