NMec = 98498
T = 30
P = 3
Profits ignored
Solution time = 4.704e-02
Maximum possible tasks = 15
Solutions = 16
Task data
    0  98     1    -1
    7  20     1     0
   14  31     1    -1
   18  25     1     1
   18  34     1    -1
   19  28     1     2
   19  30     1    -1
   19  30     1    -1
   22  42     1    -1
   23  37     1    -1
   23  40     1    -1
   25  32     1     0
   26  43     1    -1
   27  36     1     1
   30  54     1     2
   34  57     1     0
   41  59     1    -1
   42  64     1    -1
   45  71     1    -1
   46  64     1    -1
   56  63     1     1
   57  61     1     2
   58  67     1    -1
   58  70     1     0
   63  64     1     2
   64  73     1     1
   65  81     1    -1
   65  82     1     2
   75  85     1     0
   75  99     1     1
End
