NMec = 98498
T = 30
P = 1
Profits ignored
Solution time = 2.710e-03
Maximum possible tasks = 13
Solutions = 96
Task data
    1  17     1    -1
    5  28     1    -1
    9  17     1     0
   40  47     1     0
   72  92     1    -1
   74  76     1     0
   86  99     1    -1
   91 100     1     0
   99 122     1    -1
  106 108     1     0
  116 118     1     0
  130 134     1     0
  145 153     1     0
  158 160     1    -1
  158 167     1    -1
  159 172     1    -1
  160 183     1     0
  200 225     1    -1
  201 215     1    -1
  210 213     1     0
  210 221     1    -1
  212 223     1    -1
  213 218     1    -1
  213 231     1    -1
  216 219     1     0
  216 243     1    -1
  219 231     1    -1
  221 241     1    -1
  230 252     1     0
  269 280     1     0
End
