NMec = 98498
T = 30
P = 4
Profits ignored
Solution time = 1.095e-01
Maximum possible tasks = 15
Solutions = 3100
Task data
    0  19     1    -1
    1  26     1    -1
    2  17     1     0
    4  57     1    -1
    5  22     1    -1
    7  21     1    -1
    8  11     1     1
    8  72     1    -1
    9  43     1    -1
   11  24     1     2
   11  30     1    -1
   12  28     1    -1
   13  31     1    -1
   15  27     1     1
   16  21     1     3
   18  35     1     0
   22  42     1    -1
   25  26     1     2
   26  28     1     3
   32  35     1     1
   33  50     1    -1
   34  42     1    -1
   35  46     1    -1
   36  48     1    -1
   38  54     1     0
   39  52     1     1
   41  68     1     2
   42  58     1     3
   54  65     1     1
   56  66     1     0
End
