NMec = 98498
T = 30
P = 8
Profits ignored
Solution time = 2.035e+00
Maximum possible tasks = 20
Solutions = 1340
Task data
    0   8     1     0
    0  16     1    -1
    0  16     1    -1
    0  20     1    -1
    2  24     1    -1
    3  14     1     1
    4  12     1     2
    4  18     1     3
    4  18     1     4
    4  32     1    -1
    5  11     1     5
    6  32     1    -1
    7  20     1    -1
    8  17     1     6
    9  29     1    -1
   10  32     1    -1
   11  21     1    -1
   14  21     1     0
   14  24     1     2
   14  27     1     5
   15  24     1     1
   15  31     1     7
   18  21     1     6
   19  26     1     3
   20  29     1     4
   22  32     1     0
   25  32     1     1
   25  36     1     2
   26  35     1     6
   30  37     1     3
End
