NMec = 98498
T = 30
P = 6
Profits ignored
Solution time = 5.797e-01
Maximum possible tasks = 16
Solutions = 2988
Task data
    0  48     1    -1
    1  20     1    -1
    3  14     1    -1
    4  31     1    -1
    5  28     1     0
    7  12     1     1
    7  23     1     2
    8  21     1     3
    9  16     1     4
   11  25     1     5
   16  32     1    -1
   16  39     1    -1
   17  42     1    -1
   22  31     1     1
   22  32     1     3
   22  37     1    -1
   23  32     1     4
   24  40     1    -1
   24  44     1    -1
   25  33     1     2
   25  48     1    -1
   27  40     1    -1
   29  38     1    -1
   31  37     1    -1
   31  39     1     0
   31  41     1     5
   33  42     1     1
   36  46     1     2
   37  45     1     3
   37  48     1     4
End
