NMec = 98498
T = 31
P = 1
Profits ignored
Solution time = 6.732e-03
Maximum possible tasks = 15
Solutions = 96
Task data
    3 304     1    -1
    4  21     1    -1
    6  28     1    -1
   11  15     1     0
   31  41     1     0
   48  61     1    -1
   55 297     1    -1
   58  67     1     0
   63 190     1    -1
   69  87     1     0
   84  98     1    -1
   92 107     1     0
  108 123     1     0
  111 238     1    -1
  129 140     1    -1
  135 145     1     0
  137 160     1    -1
  154 159     1     0
  159 170     1    -1
  161 170     1    -1
  164 196     1    -1
  167 169     1     0
  171 183     1     0
  191 201     1     0
  201 216     1    -1
  204 205     1     0
  236 257     1    -1
  239 249     1     0
  271 284     1    -1
  278 286     1     0
  289 298     1     0
End
