NMec = 98498
T = 31
P = 7
Profits ignored
Solution time = 2.326e+00
Maximum possible tasks = 18
Solutions = 108473
Task data
    0  14     1    -1
    2  10     1     0
    2  44     1    -1
    4  26     1    -1
    6  15     1     1
    6  20     1    -1
    7  17     1     2
    8  16     1     3
   12  17     1     0
   13  22     1     4
   14  23     1     5
   14  28     1     6
   15  33     1    -1
   15  36     1    -1
   15  40     1    -1
   16  25     1     1
   16  38     1    -1
   20  29     1    -1
   21  31     1    -1
   21  39     1    -1
   22  31     1    -1
   22  37     1    -1
   22  38     1     0
   23  43     1     2
   27  36     1     1
   27  43     1     3
   28  33     1     4
   28  42     1     5
   29  37     1     6
   34  37     1     4
   38  43     1     1
End
