NMec = 98498
T = 31
P = 5
Profits ignored
Solution time = 3.308e-01
Maximum possible tasks = 15
Solutions = 297
Task data
    3  16     1    -1
    4  58     1    -1
    6  51     1    -1
    7  25     1    -1
    8  17     1     0
    8  19     1     1
    8  46     1    -1
    9  24     1     2
   13  29     1    -1
   13  56     1    -1
   15  20     1     3
   15  28     1    -1
   16  29     1     4
   20  44     1     0
   23  29     1     1
   23  43     1     3
   28  48     1     2
   31  49     1    -1
   34  54     1    -1
   35  49     1    -1
   36  44     1     1
   36  57     1    -1
   37  53     1    -1
   39  50     1    -1
   40  54     1    -1
   41  52     1    -1
   43  57     1     4
   47  54     1     0
   47  57     1     1
   48  53     1     3
   49  55     1     2
End
