NMec = 98498
T = 32
P = 1
Profits ignored
Solution time = 1.071e-02
Maximum possible tasks = 14
Solutions = 432
Task data
    0  22     1    -1
    4  21     1    -1
    5  15     1     0
   21  25     1    -1
   21  31     1    -1
   22  26     1     0
   36  53     1     0
   52  61     1    -1
   54  73     1    -1
   56  62     1    -1
   56  76     1    -1
   58  66     1     0
   90 296     1    -1
  100 115     1    -1
  105 116     1    -1
  107 116     1     0
  119 126     1     0
  126 141     1    -1
  127 137     1     0
  142 155     1    -1
  146 160     1     0
  152 176     1    -1
  160 172     1    -1
  162 166     1     0
  189 200     1    -1
  198 203     1    -1
  198 213     1     0
  215 219     1     0
  221 222     1     0
  255 272     1     0
  262 287     1    -1
  287 292     1     0
End
