NMec = 98498
T = 32
P = 8
Profits ignored
Solution time = 6.864e+00
Maximum possible tasks = 20
Solutions = 20316
Task data
    0   4     1     0
    0  11     1    -1
    0  17     1    -1
    1  13     1    -1
    3  11     1    -1
    3  15     1    -1
    3  15     1    -1
    3  30     1    -1
    4  16     1    -1
    4  28     1    -1
    4  33     1    -1
    5  20     1    -1
    7  24     1     0
    8  12     1     1
    8  14     1     2
    8  17     1     3
    9  13     1     4
    9  19     1     5
   10  17     1     6
   11  18     1     7
   11  32     1    -1
   13  21     1     1
   15  22     1     2
   19  30     1     3
   19  36     1     4
   21  31     1     5
   22  29     1     1
   25  32     1     0
   27  34     1     2
   28  36     1     6
   30  35     1     1
   30  37     1     7
End
