NMec = 98498
T = 32
P = 7
Profits ignored
Solution time = 8.742e+00
Maximum possible tasks = 20
Solutions = 31768
Task data
    1  10     1     0
    1  22     1    -1
    1  23     1    -1
    3  28     1    -1
    3  44     1    -1
    6  20     1     1
    8  22     1     2
    8  23     1     3
    9  30     1    -1
   13  15     1     0
   15  17     1     4
   15  29     1    -1
   17  26     1    -1
   17  40     1     0
   18  32     1     4
   19  26     1     5
   20  26     1     6
   21  30     1     1
   23  37     1     2
   24  44     1    -1
   25  36     1     3
   25  43     1    -1
   26  42     1    -1
   27  41     1    -1
   29  41     1    -1
   33  42     1     1
   35  43     1     4
   36  42     1     5
   36  43     1     6
   37  44     1     3
   39  41     1     2
   41  45     1     0
End
