NMec = 98498
T = 33
P = 5
Profits ignored
Solution time = 4.003e+00
Maximum possible tasks = 18
Solutions = 80255
Task data
    0   9     1     0
    0  18     1    -1
    2   8     1     1
    2  12     1    -1
    2  14     1    -1
    2  22     1    -1
    3  24     1     2
    5  18     1     3
    9  19     1     1
    9  55     1    -1
    9  60     1    -1
   10  14     1     0
   11  15     1     4
   12  28     1    -1
   15  26     1     0
   15  30     1    -1
   18  31     1    -1
   18  42     1    -1
   19  33     1    -1
   22  31     1     1
   24  31     1     3
   25  33     1     2
   28  34     1     0
   28  38     1     4
   28  45     1    -1
   30  47     1    -1
   36  46     1    -1
   36  56     1    -1
   39  47     1     0
   40  57     1     1
   42  60     1     2
   44  57     1     3
   45  65     1     4
End
