NMec = 98498
T = 33
P = 3
Profits ignored
Solution time = 2.660e+00
Maximum possible tasks = 21
Solutions = 1814
Task data
    0   7     1     0
    3  12     1    -1
    4  16     1     1
    4  27     1     2
    7  34     1    -1
    8  31     1    -1
   10  13     1     0
   13  34     1    -1
   15  24     1     0
   20  25     1     1
   25  44     1    -1
   26  33     1     0
   29  62     1    -1
   30  39     1     1
   30  53     1     2
   34  43     1     0
   42  62     1    -1
   45  56     1    -1
   45  66     1    -1
   47  57     1    -1
   49  68     1     0
   53  69     1     1
   55  65     1     2
   65  77     1    -1
   68  77     1     2
   70  81     1     0
   76  80     1     1
   79  91     1     2
   87  94     1     0
   87 101     1    -1
   87 107     1     1
   93  95     1     2
   95  98     1     0
End
