NMec = 98498
T = 33
P = 4
Profits ignored
Solution time = 1.713e+00
Maximum possible tasks = 21
Solutions = 99
Task data
    0   6     1     0
    0  16     1     1
    0  79     1    -1
    2   8     1     2
    3  57     1    -1
    9  19     1     0
   11  43     1    -1
   15  32     1     2
   16  39     1    -1
   21  27     1     0
   21  30     1     1
   21  37     1    -1
   26  35     1    -1
   27  37     1     3
   29  36     1     0
   31  40     1     1
   33  50     1    -1
   34  49     1    -1
   35  45     1     2
   37  44     1     0
   39  49     1    -1
   40  49     1    -1
   40  56     1    -1
   43  52     1    -1
   43  59     1     1
   47  66     1     0
   48  58     1     2
   49  61     1     3
   59  66     1     2
   65  82     1     1
   71  76     1     0
   71  77     1     2
   73  81     1     3
End
