NMec = 98498
T = 33
P = 7
Profits ignored
Solution time = 3.251e+01
Maximum possible tasks = 26
Solutions = 24
Task data
    0   6     1     0
    0  18     1    -1
    1  10     1     1
    1  10     1     2
    2  16     1     3
    4  29     1    -1
    6   9     1     4
    6  11     1     5
    8  18     1     0
    9  14     1     6
   11  18     1     1
   15  24     1     2
   15  30     1     4
   18  26     1     3
   19  24     1     0
   19  36     1    -1
   21  31     1     1
   22  37     1    -1
   23  29     1     5
   23  43     1    -1
   24  34     1     6
   25  30     1     0
   25  33     1     2
   27  42     1    -1
   27  47     1    -1
   29  42     1     3
   30  41     1     5
   32  41     1     0
   32  43     1     1
   34  47     1     2
   35  36     1     4
   35  42     1     6
   38  44     1     4
End
