NMec = 98498
T = 33
P = 2
Profits ignored
Solution time = 1.104e-01
Maximum possible tasks = 18
Solutions = 78
Task data
    0  20     1    -1
    0 160     1    -1
    7  15     1     0
   11  24     1     1
   30  40     1     0
   31  54     1    -1
   38  60     1     1
   39 145     1    -1
   40  64     1    -1
   44  53     1     0
   49  65     1    -1
   49  70     1    -1
   57  66     1     0
   62  71     1     1
   76 138     1    -1
   84 104     1    -1
   84 106     1    -1
   87  93     1     0
   91 102     1    -1
   92  99     1     1
   94 109     1    -1
   94 118     1    -1
   96 107     1     0
  106 112     1    -1
  107 126     1     1
  108 113     1     0
  115 121     1     0
  120 142     1    -1
  125 137     1     0
  134 146     1     1
  143 152     1     0
  148 152     1     1
  158 164     1     0
End
