NMec = 98498
T = 34
P = 3
Profits ignored
Solution time = 1.285e+00
Maximum possible tasks = 18
Solutions = 8480
Task data
    1  12     1    -1
    3  15     1    -1
    4   8     1    -1
    5  11     1     0
    8  17     1     1
    8  18     1     2
   12 101     1    -1
   16  87     1    -1
   20  39     1     0
   23  50     1    -1
   30  45     1     1
   36  80     1    -1
   40  60     1     0
   41  47     1     2
   45  72     1    -1
   51  68     1    -1
   52  62     1    -1
   59  66     1     1
   59  76     1     2
   62  68     1     0
   64  86     1    -1
   67  83     1    -1
   67  98     1    -1
   75  85     1     0
   82  88     1     1
   82  94     1     2
   82 109     1    -1
   84 108     1    -1
   86  90     1     0
   89 104     1    -1
   90  94     1     1
   95 102     1     0
  100 110     1     1
  101 111     1     2
End
