NMec = 98498
T = 34
P = 8
Profits ignored
Solution time = 2.724e+01
Maximum possible tasks = 22
Solutions = 14966
Task data
    0   3     1     0
    1  26     1    -1
    2  14     1    -1
    3  22     1    -1
    4  14     1    -1
    4  28     1    -1
    5  10     1     0
    5  18     1    -1
    6  14     1     1
    6  15     1     2
    6  21     1    -1
    6  22     1     3
    9  24     1     4
    9  34     1    -1
   10  13     1     5
   10  21     1     6
   11  20     1     0
   11  34     1    -1
   12  23     1     7
   14  21     1     5
   14  27     1    -1
   17  29     1    -1
   18  32     1     1
   18  37     1    -1
   19  38     1     2
   21  39     1     0
   22  29     1     5
   22  33     1     6
   24  42     1     3
   27  38     1     4
   27  41     1     7
   30  42     1     5
   33  38     1     1
   36  42     1     6
End
