NMec = 98498
T = 35
P = 5
Profits ignored
Solution time = 1.089e+01
Maximum possible tasks = 20
Solutions = 113226
Task data
    1   5     1     0
    2  22     1    -1
    2  51     1    -1
    3  15     1    -1
    3  16     1     1
    4  13     1     2
    8  26     1    -1
    8  28     1     0
    9  40     1    -1
   14  21     1     2
   14  25     1     3
   14  27     1     4
   15  35     1    -1
   19  24     1     1
   21  59     1    -1
   22  35     1    -1
   23  37     1    -1
   26  38     1    -1
   26  48     1    -1
   27  46     1    -1
   28  30     1     1
   28  52     1    -1
   30  40     1     0
   31  45     1     1
   33  44     1     2
   34  51     1     3
   35  50     1     4
   40  64     1    -1
   42  57     1    -1
   44  65     1     0
   46  63     1     1
   48  57     1     2
   51  68     1     4
   55  57     1     3
   62  67     1     2
End
