NMec = 98498
T = 35
P = 7
Profits ignored
Solution time = 1.458e+01
Maximum possible tasks = 20
Solutions = 6699
Task data
    2  43     1    -1
    3  13     1    -1
    3  14     1     0
    3  20     1    -1
    5  14     1     1
    5  17     1     2
    5  27     1    -1
    7  21     1    -1
    8  15     1     3
    8  26     1     4
   11  16     1     5
   12  26     1     6
   12  29     1    -1
   13  36     1    -1
   15  25     1     0
   16  32     1    -1
   16  32     1    -1
   17  24     1     1
   17  29     1    -1
   17  35     1    -1
   17  43     1    -1
   19  21     1     2
   19  30     1     3
   19  33     1     5
   19  43     1    -1
   22  45     1    -1
   23  38     1    -1
   23  41     1     2
   26  39     1     0
   26  46     1     1
   27  34     1     4
   29  43     1     6
   32  48     1     3
   34  47     1     5
   37  47     1     4
End
