NMec = 98498
T = 36
P = 7
Profits ignored
Solution time = 1.223e+01
Maximum possible tasks = 21
Solutions = 78
Task data
    3  31     1    -1
    4  22     1    -1
    4  41     1    -1
    5  12     1     0
    5  21     1     1
    6  19     1     2
    8  24     1    -1
    8  49     1    -1
    8  50     1    -1
    9  22     1     3
   10  16     1     4
   11  15     1     5
   11  47     1    -1
   12  23     1     6
   13  35     1    -1
   14  19     1     0
   14  30     1    -1
   15  48     1    -1
   17  39     1    -1
   17  42     1    -1
   18  31     1    -1
   18  37     1    -1
   19  33     1     4
   20  28     1     0
   20  31     1     2
   20  46     1    -1
   21  46     1     5
   22  24     1     1
   24  30     1     3
   26  46     1     1
   29  36     1     0
   30  49     1     6
   31  46     1     3
   32  43     1     2
   36  51     1     4
   43  46     1     0
End
