NMec = 98498
T = 36
P = 4
Profits ignored
Solution time = 4.162e+00
Maximum possible tasks = 19
Solutions = 805
Task data
    1  21     1     0
    1  86     1    -1
    2  68     1    -1
    4  12     1     1
    6  62     1    -1
    9  17     1     2
    9  17     1     3
    9  26     1    -1
   11  22     1    -1
   12  24     1    -1
   15  23     1     1
   17  31     1    -1
   17  39     1    -1
   20  23     1     2
   20  31     1     3
   22  36     1     0
   24  45     1     1
   26  36     1     2
   36  54     1    -1
   41  48     1     0
   41  53     1    -1
   41  62     1    -1
   42  53     1    -1
   42  58     1    -1
   42  62     1    -1
   42  64     1     2
   42  83     1    -1
   48  57     1     1
   50  58     1     0
   50  73     1     3
   61  77     1    -1
   67  77     1    -1
   68  79     1     0
   71  80     1     1
   73  83     1     2
   77  86     1     3
End
