NMec = 98498
T = 36
P = 8
Profits ignored
Solution time = 1.045e+02
Maximum possible tasks = 25
Solutions = 324
Task data
    0   9     1     0
    1  14     1    -1
    1  15     1    -1
    1  25     1    -1
    2  13     1     1
    2  13     1     2
    2  21     1    -1
    2  42     1    -1
    3  25     1    -1
    4  18     1     3
    6  42     1    -1
    7  16     1     4
    7  21     1    -1
    8  17     1     5
    8  19     1     6
    8  21     1    -1
    9  43     1    -1
   10  25     1     0
   11  27     1     7
   13  37     1    -1
   17  22     1     1
   18  30     1     2
   19  24     1     3
   21  24     1     4
   21  28     1     5
   21  29     1     6
   24  33     1     1
   25  31     1     3
   27  39     1     0
   28  39     1     4
   28  41     1     7
   31  33     1     2
   32  37     1     3
   32  37     1     5
   33  43     1     6
   34  40     1     1
End
