NMec = 98498
T = 36
P = 5
Profits ignored
Solution time = 1.421e+01
Maximum possible tasks = 23
Solutions = 156
Task data
    1   7     1     0
    4  22     1     1
    5  18     1     2
    6  67     1    -1
    9  29     1     0
   11  14     1     3
   17  26     1     3
   17  27     1     4
   20  43     1    -1
   21  39     1    -1
   23  29     1     1
   25  32     1     2
   25  41     1    -1
   28  33     1    -1
   29  41     1    -1
   29  51     1    -1
   31  34     1     0
   31  36     1     1
   31  40     1     3
   31  43     1    -1
   32  41     1     4
   33  43     1    -1
   33  45     1     2
   33  56     1    -1
   35  54     1    -1
   36  44     1     0
   38  55     1    -1
   40  55     1    -1
   40  56     1     1
   43  53     1     3
   43  59     1     4
   50  67     1     0
   51  54     1     2
   58  66     1     1
   63  70     1     2
   65  67     1     3
End
