NMec = 98498
T = 37
P = 4
Profits ignored
Solution time = 2.660e+01
Maximum possible tasks = 22
Solutions = 37344
Task data
    1   7     1     0
    1  92     1    -1
    2  91     1    -1
    5  22     1    -1
    6  30     1    -1
    9  26     1     0
   11  18     1     1
   13  37     1    -1
   14  24     1     2
   18  27     1     3
   22  45     1    -1
   24  44     1    -1
   27  43     1    -1
   28  36     1     0
   28  44     1    -1
   30  48     1     1
   35  45     1     2
   35  50     1     3
   37  39     1     0
   41  91     1    -1
   43  50     1     0
   47  62     1    -1
   49  58     1    -1
   49  74     1    -1
   49  75     1    -1
   53  60     1     0
   53  66     1     1
   55  79     1     2
   58  74     1     3
   63  68     1     0
   67  90     1    -1
   69  73     1     0
   69  75     1     1
   76  84     1     0
   79  90     1     1
   81  87     1     2
   84  92     1     3
End
