NMec = 98498
T = 38
P = 7
Profits ignored
Solution time = 4.492e+02
Maximum possible tasks = 26
Solutions = 14175
Task data
    0   8     1     0
    0  17     1     1
    1   2     1     2
    1  41     1    -1
    2   7     1     3
    2  21     1    -1
    3  12     1     2
    3  24     1    -1
    6   9     1     4
    8  20     1    -1
    9  26     1     0
    9  28     1     3
   11  18     1     4
   11  20     1     5
   17  23     1     2
   17  29     1     6
   17  38     1    -1
   17  39     1    -1
   20  28     1     1
   20  33     1     4
   22  34     1     5
   22  48     1    -1
   24  40     1    -1
   25  29     1     2
   27  50     1    -1
   28  41     1    -1
   28  41     1     0
   30  36     1     1
   31  38     1     2
   32  50     1    -1
   34  46     1    -1
   34  47     1     3
   36  53     1     4
   37  48     1     1
   38  46     1     5
   38  52     1     6
   42  49     1     0
   42  54     1     2
End
