NMec = 98498
T = 38
P = 4
Profits ignored
Solution time = 1.157e+01
Maximum possible tasks = 20
Solutions = 13125
Task data
    0  83     1    -1
    1  15     1     0
    2   8     1     1
    3  20     1     2
    7  29     1    -1
   16  29     1     0
   16  33     1    -1
   17  27     1     1
   18  94     1    -1
   24  38     1    -1
   24  38     1    -1
   26  45     1    -1
   27  43     1     2
   27  45     1     3
   28  34     1     1
   33  48     1     0
   48  80     1    -1
   49  61     1    -1
   51  76     1    -1
   52  64     1     0
   52  76     1    -1
   53  62     1     1
   55  59     1     2
   56  68     1     3
   56  75     1    -1
   59  79     1    -1
   62  67     1     2
   63  87     1    -1
   64  75     1    -1
   64  76     1    -1
   67  84     1    -1
   68  78     1     0
   71  84     1    -1
   72  82     1     1
   73  92     1     2
   75  86     1     3
   79  82     1     0
   83  89     1     0
End
