NMec = 98498
T = 38
P = 8
Profits ignored
Solution time = 1.417e+02
Maximum possible tasks = 21
Solutions = 2246580
Task data
    0   8     1    -1
    1   9     1    -1
    1  10     1     0
    1  14     1     1
    2  18     1     2
    3  10     1     3
    3  22     1     4
    4  11     1     5
    4  19     1     6
    6  34     1    -1
    8  19     1     7
    8  32     1    -1
   11  25     1    -1
   13  23     1     0
   14  30     1    -1
   15  34     1    -1
   15  34     1    -1
   15  39     1    -1
   17  29     1    -1
   17  41     1    -1
   18  25     1     1
   18  45     1    -1
   19  30     1    -1
   20  32     1    -1
   20  37     1    -1
   21  31     1     2
   21  43     1    -1
   22  32     1     3
   23  39     1    -1
   23  44     1     4
   24  29     1     0
   24  40     1     5
   24  45     1     6
   25  37     1     7
   29  43     1     1
   31  43     1     0
   33  45     1     2
   36  44     1     3
End
