NMec = 98498
T = 38
P = 5
Profits ignored
Solution time = 3.385e+01
Maximum possible tasks = 22
Solutions = 1108
Task data
    4  31     1     0
    4  72     1    -1
   10  26     1     1
   10  74     1    -1
   11  21     1     2
   12  24     1     3
   19  41     1    -1
   21  31     1     4
   27  38     1    -1
   27  39     1     1
   28  51     1    -1
   29  47     1    -1
   30  37     1     2
   31  43     1    -1
   33  44     1    -1
   33  45     1     0
   33  51     1    -1
   33  72     1    -1
   34  74     1    -1
   36  42     1     3
   36  57     1    -1
   38  50     1     2
   38  60     1     4
   40  51     1     1
   45  59     1     3
   46  48     1     0
   52  58     1     0
   53  62     1     1
   54  73     1    -1
   55  63     1     2
   55  71     1    -1
   56  75     1    -1
   61  68     1    -1
   62  70     1     0
   62  72     1     3
   62  74     1     4
   64  67     1     1
   64  70     1     2
End
